
Get seed: 2261762003
{
    "E_Frequency": 100,
    "Ouroboros_filename": "../data/Ouroboros/n=8.txt",
    "Ouroboros_stats_filename": "../results/Simulator-8-1920000-2261762003.dat",
    "Queue_bound": 10000,
    "average_burst_length": -1,
    "average_burst_length_array": [],
    "frame_number": 1920000,
    "injection_name": "Bernoulli",
    "injection_option": 0,
    "load": 0.8,
    "load_array": [
        0.8
    ],
    "model_name": "",
    "model_option": 0,
    "name": "Simulator",
    "port_number": 8,
    "probability_off": -1,
    "probability_on": -1,
    "seed_for_traffic_generator": 2261762003,
    "type": 0,
    "verbosity_level": 1
}
{
    "arrivals": [
        -1,
        -1,
        -1,
        -1,
        -1,
        -1,
        -1,
        -1
    ],
    "current-timeslot": 0,
    "queue-lengths": [
        [
            0,
            0,
            0,
            0,
            0,
            0,
            0,
            0
        ],
        [
            0,
            0,
            0,
            0,
            0,
            0,
            0,
            0
        ],
        [
            0,
            0,
            0,
            0,
            0,
            0,
            0,
            0
        ],
        [
            0,
            0,
            0,
            0,
            0,
            0,
            0,
            0
        ],
        [
            0,
            0,
            0,
            0,
            0,
            0,
            0,
            0
        ],
        [
            0,
            0,
            0,
            0,
            0,
            0,
            0,
            0
        ],
        [
            0,
            0,
            0,
            0,
            0,
            0,
            0,
            0
        ],
        [
            0,
            0,
            0,
            0,
            0,
            0,
            0,
            0
        ]
    ],
    "schedule": [
        0,
        1,
        2,
        3,
        4,
        5,
        6,
        7
    ]
}
0               -1              0           -1          -1          -1          0             0             0             0             0             0             0             0             0             0             0             0             0             0             0             
#Load Traffic-Mode Throughput      Mean-Delay      Max-Delay   P90-Delay   P95-Delay   P99-Delay   cycles        cycles-ourob  cycles-wrong  cycles-bc     cyc-weights   ocyc-weights  wcyc-weights  CS-1          CS-2          CS-3          CS-4          CS-5          CS-6          CS-7          CS-8          
0.800 0            0.99981         9.97726         131         25          33          52          161701        161701        0             0             759075        759075        0             60199         29221         19732         14779         11886         9916          8479          7489          
0.800 0            0.999921        10.0395         132         25          33          52          323526        323526        0             0             1522209       1522209       0             120534        58506         39416         29569         23697         19750         17079         14975         
0.800 0            0.999942        10.0292         145         25          33          52          485929        485929        0             0             2281005       2281005       0             181146        87981         59307         44450         35616         29627         25511         22291         
0.800 0            0.999966        10.0544         154         25          34          52          648247        648247        0             0             3047380       3047380       0             241853        117452        78938         59272         47471         39649         34012         29600         
0.800 0            0.999961        10.0634         154         25          34          52          810269        810269        0             0             3810710       3810710       0             302363        146554        98529         74486         59225         49545         42565         37002         
0.800 0            0.99997         10.069          158         25          34          52          972322        972322        0             0             4575398       4575398       0             362530        175953        118425        89537         71174         59365         51111         44227         
0.800 0            0.99998         10.0675         158         25          34          52          1134310       1134310       0             0             5338240       5338240       0             422781        205542        138087        104435        83051         69197         59607         51610         
0.800 0            0.999981        10.0731         164         25          34          52          1297136       1297136       0             0             6103858       6103858       0             483780        235103        157967        119416        94918         79067         67959         58926         
0.800 0            0.999977        10.0787         164         25          34          52          1458995       1458995       0             0             6869398       6869398       0             544181        264344        177707        134099        106876        88971         76472         66345         
0.800 0            0.999985        10.0756         164         25          34          52          1620591       1620591       0             0             7632632       7632632       0             604216        293540        197376        148970        118896        98816         84896         73881         
0.800 0            0.999985        10.0663         164         25          34          52          1782328       1782328       0             0             8391350       8391350       0             664366        322930        216940        163934        130727        108741        93415         81275         
0.800 0            0.999983        10.0671         164         25          34          52          1944704       1944704       0             0             9153497       9153497       0             725004        352334        236743        179171        142482        118514        101727        88729         
0.800 0            0.999987        10.0658         164         25          34          52          2106893       2106893       0             0             9914683       9914683       0             785202        381923        256827        194045        154242        128451        110153        96050         
0.800 0            0.999985        10.0704         164         25          34          52          2269137       2269137       0             0             10680428      10680428      0             845759        411311        276610        209105        166060        138264        118627        103401        
0.800 0            0.999988        10.0678         164         25          34          52          2431450       2431450       0             0             11441722      11441722      0             906227        440772        296520        223960        177894        148202        127045        110830        
0.800 0            0.999991        10.0687         164         25          34          52          2593601       2593601       0             0             12204910      12204910      0             966680        470075        316428        238822        189898        157972        135540        118186        
0.800 0            0.999991        10.0648         164         25          34          52          2755635       2755635       0             0             12965726      12965726      0             1027057       499523        336158        253597        201731        168030        143952        125587        
0.800 0            0.999993        10.0616         164         25          34          52          2918114       2918114       0             0             13726719      13726719      0             1087948       528777        356055        268457        213632        177840        152431        132974        
0.800 0            0.999992        10.0588         164         25          34          52          3080757       3080757       0             0             14488886      14488886      0             1148946       558214        375950        283224        225519        187688        160947        140269        
0.800 0            0.999992        10.0615         170         25          34          52          3243107       3243107       0             0             15253759      15253759      0             1209424       587849        395661        298228        237336        197636        169313        147660        
0.800 0            0.99999         10.0642         170         25          34          52          3405238       3405238       0             0             16018908      16018908      0             1269964       617119        415326        313149        249355        207530        177795        155000        
0.800 0            0.999992        10.0657         170         25          34          52          3567394       3567394       0             0             16784493      16784493      0             1330541       646310        435189        328093        261194        217349        186308        162410        
0.800 0            0.999992        10.0684         170         25          34          52          3729875       3729875       0             0             17550940      17550940      0             1391233       675938        454945        342884        273106        227299        194764        169706        
0.800 0            0.999993        10.0697         170         25          34          52          3892199       3892199       0             0             18316355      18316355      0             1452056       705379        474581        357561        284931        237390        203220        177081        
0.800 0            0.999993        10.0673         170         25          34          52          4054008       4054008       0             0             19076337      19076337      0             1511968       734848        494473        372472        296985        247155        211586        184521        
0.800 0            0.999993        10.0658         170         25          34          52          4216842       4216842       0             0             19836873      19836873      0             1573219       764301        514141        387366        308919        257177        220037        191682        
0.800 0            0.999993        10.0687         170         25          34          52          4379466       4379466       0             0             20603857      20603857      0             1634129       793636        534132        402354        320696        267019        228527        198973        
0.800 0            0.999995        10.0702         170         25          34          52          4541662       4541662       0             0             21368531      21368531      0             1694783       822987        553787        417170        332608        276985        236988        206354        
0.800 0            0.999994        10.0706         170         25          34          52          4703594       4703594       0             0             22131000      22131000      0             1755034       852340        573472        432205        344502        286773        245554        213714        
0.800 0            0.999995        10.0708         170         25          34          52          4866167       4866167       0             0             22894433      22894433      0             1815533       882137        593271        447345        356317        296615        253971        220978        
0.800 0            0.999995        10.0735         170         25          34          52          5028222       5028222       0             0             23663059      23663059      0             1875978       911489        612893        462208        368252        306587        262529        228286        
0.800 0            0.999994        10.0723         170         25          34          52          5190404       5190404       0             0             24424531      24424531      0             1936479       940840        632836        477107        379911        316530        271078        235623        
       Value   Percentile   TotalCount 1/(1-Percentile)

       1.000     0.000000      2234632         1.00
       1.000     0.100000      2234632         1.11
       2.000     0.200000      3297041         1.25
       3.000     0.300000      4011716         1.43
       5.000     0.400000      5200473         1.67
       7.000     0.500000      6238862         2.00
       9.000     0.550000      7141413         2.22
      10.000     0.600000      7546287         2.50
      12.000     0.650000      8268229         2.86
      14.000     0.700000      8887493         3.33
      16.000     0.750000      9413928         4.00
      17.000     0.775000      9646982         4.44
      18.000     0.800000      9861686         5.00
      20.000     0.825000     10241438         5.71
      22.000     0.850000     10562686         6.67
      24.000     0.875000     10833615         8.00
      25.000     0.887500     10952420         8.89
      26.000     0.900000     11062035        10.00
      28.000     0.912500     11254310        11.43
      30.000     0.925000     11417062        13.33
      32.000     0.937500     11554759        16.00
      33.000     0.943750     11615405        17.78
      35.000     0.950000     11722101        20.00
      36.000     0.956250     11769112        22.86
      38.000     0.962500     11850898        26.67
      40.000     0.968750     11920236        32.00
      41.000     0.971875     11950731        35.56
      43.000     0.975000     12004277        40.00
      44.000     0.978125     12027811        45.71
      46.000     0.981250     12069319        53.33
      48.000     0.984375     12104266        64.00
      49.000     0.985938     12119702        71.11
      51.000     0.987500     12146577        80.00
      52.000     0.989062     12158584        91.43
      54.000     0.990625     12179193       106.67
      56.000     0.992188     12196747       128.00
      57.000     0.992969     12204257       142.22
      59.000     0.993750     12217533       160.00
      60.000     0.994531     12223421       182.86
      62.000     0.995313     12233912       213.33
      64.000     0.996094     12242572       256.00
      65.000     0.996484     12246478       284.44
      66.000     0.996875     12250071       320.00
      68.000     0.997266     12256269       365.71
      70.000     0.997656     12261460       426.67
      72.000     0.998047     12265882       512.00
      73.000     0.998242     12267708       568.89
      74.000     0.998437     12269394       640.00
      76.000     0.998633     12272490       731.43
      77.000     0.998828     12273755       853.33
      79.000     0.999023     12276068      1024.00
      81.000     0.999121     12277981      1137.78
      82.000     0.999219     12278859      1280.00
      83.000     0.999316     12279661      1462.86
      85.000     0.999414     12281061      1706.67
      87.000     0.999512     12282229      2048.00
      88.000     0.999561     12282745      2275.56
      90.000     0.999609     12283603      2560.00
      91.000     0.999658     12284009      2925.71
      93.000     0.999707     12284665      3413.33
      95.000     0.999756     12285208      4096.00
      96.000     0.999780     12285454      4551.11
      97.000     0.999805     12285687      5120.00
      98.000     0.999829     12285918      5851.43
     100.000     0.999854     12286274      6826.67
     102.000     0.999878     12286535      8192.00
     104.000     0.999890     12286805      9102.22
     105.000     0.999902     12286914     10240.00
     106.000     0.999915     12287023     11702.86
     107.000     0.999927     12287119     13653.33
     109.000     0.999939     12287284     16384.00
     110.000     0.999945     12287362     18204.44
     111.000     0.999951     12287432     20480.00
     113.000     0.999957     12287542     23405.71
     114.000     0.999963     12287579     27306.67
     116.000     0.999969     12287656     32768.00
     117.000     0.999973     12287694     36408.89
     118.000     0.999976     12287721     40960.00
     120.000     0.999979     12287767     46811.43
     122.000     0.999982     12287802     54613.33
     124.000     0.999985     12287859     65536.00
     124.000     0.999986     12287859     72817.78
     125.000     0.999988     12287870     81920.00
     127.000     0.999989     12287902     93622.86
     128.000     0.999991     12287914    109226.67
     130.000     0.999992     12287937    131072.00
     130.000     0.999993     12287937    145635.56
     132.000     0.999994     12287948    163840.00
     134.000     0.999995     12287954    187245.71
     136.000     0.999995     12287964    218453.33
     138.000     0.999996     12287972    262144.00
     140.000     0.999997     12287979    291271.11
     141.000     0.999997     12287984    327680.00
     142.000     0.999997     12287987    374491.43
     144.000     0.999998     12287990    436906.67
     146.000     0.999998     12287995    524288.00
     147.000     0.999998     12287997    582542.22
     148.000     0.999998     12288001    655360.00
     149.000     0.999999     12288004    748982.86
     149.000     0.999999     12288004    873813.33
     155.000     0.999999     12288009   1048576.00
     155.000     0.999999     12288009   1165084.44
     155.000     0.999999     12288009   1310720.00
     156.000     0.999999     12288012   1497965.71
     156.000     0.999999     12288012   1747626.67
     157.000     1.000000     12288013   2097152.00
     157.000     1.000000     12288013   2330168.89
     159.000     1.000000     12288015   2621440.00
     159.000     1.000000     12288015   2995931.43
     159.000     1.000000     12288015   3495253.33
     162.000     1.000000     12288016   4194304.00
     162.000     1.000000     12288016   4660337.78
     162.000     1.000000     12288016   5242880.00
     162.000     1.000000     12288016   5991862.86
     165.000     1.000000     12288017   6990506.67
     165.000     1.000000     12288017   8388608.00
     165.000     1.000000     12288017   9320675.55
     165.000     1.000000     12288017  10485760.00
     165.000     1.000000     12288017  11983725.71
     171.000     1.000000     12288018  13981013.34
     171.000     1.000000     12288018          inf
#[Mean    =       11.072, StdDeviation   =       11.698]
#[Max     =      171.000, Total count    =     12288018]
#[Buckets =           22, SubBuckets     =         2048]
{
    "E_Frequency": 100,
    "Ouroboros_filename": "../data/Ouroboros/n=8.txt",
    "Ouroboros_stats_filename": "../results/Simulator-8-1920000-2261762003.dat",
    "Queue_bound": 10000,
    "average_burst_length": -1,
    "average_burst_length_array": [],
    "frame_number": 1920000,
    "injection_name": "Bernoulli",
    "injection_option": 0,
    "load": 0.8,
    "load_array": [
        0.8
    ],
    "model_name": "",
    "model_option": 1,
    "name": "Simulator",
    "port_number": 8,
    "probability_off": -1,
    "probability_on": -1,
    "seed_for_traffic_generator": 2261762003,
    "type": 0,
    "verbosity_level": 1
}
{
    "arrivals": [
        -1,
        -1,
        -1,
        -1,
        -1,
        -1,
        -1,
        -1
    ],
    "current-timeslot": 0,
    "queue-lengths": [
        [
            0,
            0,
            0,
            0,
            0,
            0,
            0,
            0
        ],
        [
            0,
            0,
            0,
            0,
            0,
            0,
            0,
            0
        ],
        [
            0,
            0,
            0,
            0,
            0,
            0,
            0,
            0
        ],
        [
            0,
            0,
            0,
            0,
            0,
            0,
            0,
            0
        ],
        [
            0,
            0,
            0,
            0,
            0,
            0,
            0,
            0
        ],
        [
            0,
            0,
            0,
            0,
            0,
            0,
            0,
            0
        ],
        [
            0,
            0,
            0,
            0,
            0,
            0,
            0,
            0
        ],
        [
            0,
            0,
            0,
            0,
            0,
            0,
            0,
            0
        ]
    ],
    "schedule": [
        0,
        1,
        2,
        3,
        4,
        5,
        6,
        7
    ]
}
0               -1              0           -1          -1          -1          0             0             0             0             0             0             0             0             0             0             0             0             0             0             0             
#Load Traffic-Mode Throughput      Mean-Delay      Max-Delay   P90-Delay   P95-Delay   P99-Delay   cycles        cycles-ourob  cycles-wrong  cycles-bc     cyc-weights   ocyc-weights  wcyc-weights  CS-1          CS-2          CS-3          CS-4          CS-5          CS-6          CS-7          CS-8          
0.800 1            0.999885        6.59972         198         17          26          46          218300        218300        0             0             846040        846040        0             125976        30325         18373         14026         11687         9286          6104          2523          
0.800 1            0.999941        6.54557         198         17          26          46          436983        436983        0             0             1685836       1685836       0             252249        60840         36621         28226         23197         18508         12257         5085          
0.800 1            0.999963        6.56357         198         17          26          46          655687        655687        0             0             2533937       2533937       0             378239        91489         55079         42174         35114         27777         18326         7489          
0.800 1            0.999975        6.55949         198         17          26          46          874704        874704        0             0             3377696       3377696       0             504676        121958        73625         56398         46667         37067         24404         9909          
0.800 1            0.999978        6.56132         198         17          26          46          1093698       1093698       0             0             4223206       4223206       0             631248        152414        91826         70571         58628         46382         30246         12383         
0.800 1            0.999984        6.56105         198         17          26          46          1312817       1312817       0             0             5066011       5066011       0             757569        183163        110422        84590         70454         55598         36171         14850         
0.800 1            0.999983        6.55563         198         17          26          46          1532747       1532747       0             0             5906256       5906256       0             884965        213798        128842        98848         82110         64908         42149         17127         
0.800 1            0.999987        6.55568         198         17          26          46          1751888       1751888       0             0             6749155       6749155       0             1011429       244337        147295        113090        93980         74175         48050         19532         
0.800 1            0.999986        6.55077         198         17          26          46          1970489       1970489       0             0             7591433       7591433       0             1137684       274487        165709        127293        105693        83555         54104         21964         
0.800 1            0.999991        6.5443          198         17          26          46          2189276       2189276       0             0             8427534       8427534       0             1264132       304841        184127        141417        117355        92815         60120         24469         
0.800 1            0.99999         6.55123         198         17          26          46          2408386       2408386       0             0             9276638       9276638       0             1390732       335314        202726        155503        129004        102062        66142         26903         
0.800 1            0.99999         6.54837         198         17          26          46          2627218       2627218       0             0             10115137      10115137      0             1517020       365816        221234        169472        140748        111329        72324         29275         
0.800 1            0.999991        6.55469         198         17          26          46          2846226       2846226       0             0             10962872      10962872      0             1643519       396396        239577        183616        152393        120586        78443         31696         
0.800 1            0.999992        6.5513          198         17          26          46          3065063       3065063       0             0             11802997      11802997      0             1770070       426731        257831        197815        164065        129892        84538         34121         
0.800 1            0.999992        6.55354         198         17          26          46          3283983       3283983       0             0             12649343      12649343      0             1896350       457317        276280        212075        175763        139028        90579         36591         
0.800 1            0.999993        6.55274         198         17          26          46          3502462       3502462       0             0             13493028      13493028      0             2022183       487863        294637        226147        187579        148421        96573         39059         
0.800 1            0.999993        6.55215         198         17          26          46          3721474       3721474       0             0             14335928      14335928      0             2148670       518402        312971        240354        199321        157600        102528        41628         
0.800 1            0.999994        6.55462         198         17          26          46          3940547       3940547       0             0             15183061      15183061      0             2275168       548968        331352        254661        210941        166772        108565        44120         
0.800 1            0.999994        6.55163         198         17          26          46          4158910       4158910       0             0             16022589      16022589      0             2401126       579266        349603        268856        222629        176214        114584        46632         
0.800 1            0.999996        6.55354         198         17          26          46          4377529       4377529       0             0             16872104      16872104      0             2527182       609646        368038        282869        234491        185566        120699        49038         
0.800 1            0.999994        6.55879         198         17          26          46          4596590       4596590       0             0             17725415      17725415      0             2653627       640432        386191        297043        246233        194858        126709        51497         
0.800 1            0.999995        6.55589         198         17          26          46          4815342       4815342       0             0             18564780      18564780      0             2779839       670960        404380        311254        258155        203957        132832        53965         
0.800 1            0.999995        6.5529          198         17          26          46          5033942       5033942       0             0             19402409      19402409      0             2906116       701396        422640        325367        269807        213270        138887        56459         
0.800 1            0.999997        6.5543          198         17          26          46          5252717       5252717       0             0             20247051      20247051      0             3032540       731679        440970        339620        281665        222571        144751        58921         
0.800 1            0.999996        6.55219         198         17          26          46          5471586       5471586       0             0             21086209      21086209      0             3158991       762007        459481        353794        293397        231787        150763        61366         
0.800 1            0.999995        6.55266         198         17          26          46          5690908       5690908       0             0             21929301      21929301      0             3285867       792429        477843        368110        305200        240890        156818        63751         
0.800 1            0.999996        6.55426         198         17          26          46          5909736       5909736       0             0             22775033      22775033      0             3412168       822970        496339        382295        316870        249985        162869        66240         
0.800 1            0.999995        6.55246         198         17          26          46          6128929       6128929       0             0             23613695      23613695      0             3538834       853553        514867        396409        328485        259133        168976        68672         
0.800 1            0.999997        6.55205         198         17          26          46          6348138       6348138       0             0             24455903      24455903      0             3665715       883956        533271        410530        340179        268362        174971        71154         
0.800 1            0.999996        6.55276         198         17          26          46          6567440       6567440       0             0             25299910      25299910      0             3792609       914352        551682        424608        351972        277669        181017        73531         
0.800 1            0.999996        6.55206         198         17          26          46          6786535       6786535       0             0             26139515      26139515      0             3919014       945122        569898        438827        363852        286890        186980        75952         
0.800 1            0.999997        6.54985         198         17          26          46          7005600       7005600       0             0             26977253      26977253      0             4045667       975382        588536        452867        375571        296109        193040        78428         
       Value   Percentile   TotalCount 1/(1-Percentile)

       1.000     0.000000      2186084         1.00
       1.000     0.100000      2186084         1.11
       2.000     0.200000      3901796         1.25
       2.000     0.300000      3901796         1.43
       3.000     0.400000      5285505         1.67
       4.000     0.500000      6400918         2.00
       5.000     0.550000      7306020         2.22
       6.000     0.600000      8036464         2.50
       6.000     0.650000      8036464         2.86
       7.000     0.700000      8619377         3.33
       9.000     0.750000      9462870         4.00
      10.000     0.775000      9771919         4.44
      11.000     0.800000     10029067         5.00
      12.000     0.825000     10246936         5.71
      14.000     0.850000     10597843         6.67
      16.000     0.875000     10871985         8.00
      17.000     0.887500     10987805         8.89
      18.000     0.900000     11092672        10.00
      20.000     0.912500     11274015        11.43
      22.000     0.925000     11424824        13.33
      24.000     0.937500     11551703        16.00
      25.000     0.943750     11607326        17.78
      27.000     0.950000     11705686        20.00
      28.000     0.956250     11749564        22.86
      30.000     0.962500     11827429        26.67
      33.000     0.968750     11922917        32.00
      34.000     0.971875     11950310        35.56
      36.000     0.975000     11998950        40.00
      37.000     0.978125     12020249        45.71
      39.000     0.981250     12058879        53.33
      42.000     0.984375     12106454        64.00
      43.000     0.985938     12120189        71.11
      44.000     0.987500     12132950        80.00
      46.000     0.989062     12155404        91.43
      48.000     0.990625     12174523       106.67
      50.000     0.992188     12190815       128.00
      52.000     0.992969     12205053       142.22
      53.000     0.993750     12211320       160.00
      55.000     0.994531     12222499       182.86
      57.000     0.995313     12232011       213.33
      59.000     0.996094     12240084       256.00
      60.000     0.996484     12243654       284.44
      62.000     0.996875     12250043       320.00
      63.000     0.997266     12252898       365.71
      65.000     0.997656     12258004       426.67
      67.000     0.998047     12262295       512.00
      69.000     0.998242     12265841       568.89
      70.000     0.998437     12267434       640.00
      72.000     0.998633     12270388       731.43
      74.000     0.998828     12272787       853.33
      76.000     0.999023     12274884      1024.00
      77.000     0.999121     12275825      1137.78
      78.000     0.999219     12276687      1280.00
      80.000     0.999316     12278175      1462.86
      82.000     0.999414     12279454      1706.67
      84.000     0.999512     12280446      2048.00
      85.000     0.999561     12280939      2275.56
      86.000     0.999609     12281378      2560.00
      88.000     0.999658     12282162      2925.71
      89.000     0.999707     12282504      3413.33
      92.000     0.999756     12283281      4096.00
      93.000     0.999780     12283516      4551.11
      94.000     0.999805     12283746      5120.00
      96.000     0.999829     12284135      5851.43
      97.000     0.999854     12284332      6826.67
      99.000     0.999878     12284637      8192.00
     101.000     0.999890     12284860      9102.22
     102.000     0.999902     12284956     10240.00
     104.000     0.999915     12285128     11702.86
     105.000     0.999927     12285213     13653.33
     107.000     0.999939     12285372     16384.00
     108.000     0.999945     12285439     18204.44
     109.000     0.999951     12285497     20480.00
     111.000     0.999957     12285606     23405.71
     112.000     0.999963     12285648     27306.67
     114.000     0.999969     12285724     32768.00
     115.000     0.999973     12285759     36408.89
     117.000     0.999976     12285811     40960.00
     118.000     0.999979     12285841     46811.43
     120.000     0.999982     12285893     54613.33
     121.000     0.999985     12285915     65536.00
     122.000     0.999986     12285931     72817.78
     124.000     0.999988     12285954     81920.00
     126.000     0.999989     12285969     93622.86
     128.000     0.999991     12285992    109226.67
     130.000     0.999992     12286010    131072.00
     131.000     0.999993     12286026    145635.56
     131.000     0.999994     12286026    163840.00
     132.000     0.999995     12286032    187245.71
     134.000     0.999995     12286044    218453.33
     135.000     0.999996     12286050    262144.00
     136.000     0.999997     12286055    291271.11
     138.000     0.999997     12286060    327680.00
     140.000     0.999997     12286067    374491.43
     141.000     0.999998     12286068    436906.67
     145.000     0.999998     12286075    524288.00
     145.000     0.999998     12286075    582542.22
     148.000     0.999998     12286078    655360.00
     149.000     0.999999     12286082    748982.86
     149.000     0.999999     12286082    873813.33
     150.000     0.999999     12286085   1048576.00
     151.000     0.999999     12286086   1165084.44
     152.000     0.999999     12286087   1310720.00
     153.000     0.999999     12286088   1497965.71
     154.000     0.999999     12286089   1747626.67
     157.000     1.000000     12286091   2097152.00
     157.000     1.000000     12286091   2330168.89
     160.000     1.000000     12286092   2621440.00
     160.000     1.000000     12286092   2995931.43
     163.000     1.000000     12286093   3495253.33
     173.000     1.000000     12286094   4194304.00
     173.000     1.000000     12286094   4660337.78
     173.000     1.000000     12286094   5242880.00
     173.000     1.000000     12286094   5991862.86
     174.000     1.000000     12286095   6990506.67
     174.000     1.000000     12286095   8388608.00
     174.000     1.000000     12286095   9320675.55
     174.000     1.000000     12286095  10485760.00
     174.000     1.000000     12286095  11983725.71
     199.000     1.000000     12286096  13981013.34
     199.000     1.000000     12286096          inf
#[Mean    =        7.550, StdDeviation   =        9.484]
#[Max     =      199.000, Total count    =     12286096]
#[Buckets =           22, SubBuckets     =         2048]
{
    "E_Frequency": 100,
    "Ouroboros_filename": "../data/Ouroboros/n=8.txt",
    "Ouroboros_stats_filename": "../results/Simulator-8-1920000-2261762003.dat",
    "Queue_bound": 10000,
    "average_burst_length": -1,
    "average_burst_length_array": [],
    "frame_number": 1920000,
    "injection_name": "Bernoulli",
    "injection_option": 0,
    "load": 0.8,
    "load_array": [
        0.8
    ],
    "model_name": "",
    "model_option": 2,
    "name": "Simulator",
    "port_number": 8,
    "probability_off": -1,
    "probability_on": -1,
    "seed_for_traffic_generator": 2261762003,
    "type": 0,
    "verbosity_level": 1
}
{
    "arrivals": [
        -1,
        -1,
        -1,
        -1,
        -1,
        -1,
        -1,
        -1
    ],
    "current-timeslot": 0,
    "queue-lengths": [
        [
            0,
            0,
            0,
            0,
            0,
            0,
            0,
            0
        ],
        [
            0,
            0,
            0,
            0,
            0,
            0,
            0,
            0
        ],
        [
            0,
            0,
            0,
            0,
            0,
            0,
            0,
            0
        ],
        [
            0,
            0,
            0,
            0,
            0,
            0,
            0,
            0
        ],
        [
            0,
            0,
            0,
            0,
            0,
            0,
            0,
            0
        ],
        [
            0,
            0,
            0,
            0,
            0,
            0,
            0,
            0
        ],
        [
            0,
            0,
            0,
            0,
            0,
            0,
            0,
            0
        ],
        [
            0,
            0,
            0,
            0,
            0,
            0,
            0,
            0
        ]
    ],
    "schedule": [
        0,
        1,
        2,
        3,
        4,
        5,
        6,
        7
    ]
}
0               -1              0           -1          -1          -1          0             0             0             0             0             0             0             0             0             0             0             0             0             0             0             
#Load Traffic-Mode Throughput      Mean-Delay      Max-Delay   P90-Delay   P95-Delay   P99-Delay   cycles        cycles-ourob  cycles-wrong  cycles-bc     cyc-weights   ocyc-weights  wcyc-weights  CS-1          CS-2          CS-3          CS-4          CS-5          CS-6          CS-7          CS-8          
0.800 2            0.999896        7.04225         134         20          28          47          214238        214238        0             0             778012        778012        0             120155        30082         20045         14589         11636         8765          6148          2818          
0.800 2            0.999936        7.04156         134         20          28          47          429213        429213        0             0             1556595       1556595       0             240749        60501         40165         29455         22950         17622         12236         5535          
0.800 2            0.999964        7.0814          134         20          29          47          643583        643583        0             0             2341969       2341969       0             361260        90506         59968         44274         34371         26395         18345         8464          
0.800 2            0.99997         7.0917          134         20          29          47          858174        858174        0             0             3125668       3125668       0             481599        120882        79838         59046         45898         35225         24421         11265         
0.800 2            0.999972        7.09149         139         20          29          47          1072972       1072972       0             0             3906859       3906859       0             602256        151035        99866         73812         57414         44007         30540         14042         
0.800 2            0.999975        7.08318         139         20          29          47          1287790       1287790       0             0             4685010       4685010       0             722918        181251        120020        88550         68887         52711         36677         16776         
0.800 2            0.999982        7.09984         139         20          29          47          1502238       1502238       0             0             5472946       5472946       0             843023        211632        140062        103322        80384         61450         42781         19584         
0.800 2            0.999988        7.10432         139         20          29          47          1717025       1717025       0             0             6257978       6257978       0             963790        241646        160138        118196        91752         70324         48800         22379         
0.800 2            0.999989        7.1106          140         20          29          47          1932032       1932032       0             0             7042743       7042743       0             1084383       272392        180134        132929        103060        79045         54855         25234         
0.800 2            0.999991        7.09979         140         20          29          47          2146761       2146761       0             0             7815645       7815645       0             1204828       302820        200032        147739        114549        87842         60909         28042         
0.800 2            0.999991        7.09657         140         20          29          47          2361933       2361933       0             0             8595805       8595805       0             1326020       332860        220216        162565        125846        96621         66940         30865         
0.800 2            0.99999         7.10142         148         20          29          47          2576280       2576280       0             0             9380867       9380867       0             1446173       363129        240096        177503        137094        105534        73005         33746         
0.800 2            0.999993        7.10058         148         20          29          47          2791319       2791319       0             0             10163026      10163026      0             1566981       393636        259947        192264        148467        114390        79129         36505         
0.800 2            0.999993        7.09813         148         20          29          47          3005903       3005903       0             0             10940980      10940980      0             1687970       423591        279445        206938        160077        123217        85326         39339         
0.800 2            0.999991        7.09848         157         20          29          47          3220478       3220478       0             0             11723478      11723478      0             1808242       454029        299400        221698        171406        132112        91466         42125         
0.800 2            0.999995        7.10265         157         20          29          47          3435533       3435533       0             0             12510402      12510402      0             1929197       484239        319414        236483        182855        141015        97470         44860         
0.800 2            0.999994        7.10365         157         20          29          47          3649879       3649879       0             0             13293148      13293148      0             2049403       514630        339175        251138        194325        149918        103625        47665         
0.800 2            0.999991        7.10574         157         20          29          47          3865450       3865450       0             0             14076827      14076827      0             2170774       544965        359329        265836        205764        158702        109683        50397         
0.800 2            0.999993        7.11044         157         20          29          47          4079389       4079389       0             0             14864996      14864996      0             2290470       575322        379211        280462        217215        167643        115864        53202         
0.800 2            0.999994        7.11498         157         20          29          47          4293752       4293752       0             0             15651647      15651647      0             2410803       605485        399104        295286        228501        176415        122104        56054         
0.800 2            0.999993        7.11223         157         20          29          47          4508219       4508219       0             0             16428288      16428288      0             2531073       635913        418919        310114        239902        185184        128150        58964         
0.800 2            0.999995        7.11269         157         20          29          47          4722893       4722893       0             0             17213209      17213209      0             2651425       666176        439084        324994        251192        194010        134265        61747         
0.800 2            0.999995        7.11054         157         20          29          47          4938075       4938075       0             0             17991961      17991961      0             2772428       696539        458950        340067        262517        202693        140343        64538         
0.800 2            0.999995        7.10963         157         20          29          47          5153301       5153301       0             0             18774332      18774332      0             2893388       726858        479184        354830        273748        211525        146434        67334         
0.800 2            0.999995        7.10936         157         20          29          47          5368697       5368697       0             0             19557392      19557392      0             3014538       757287        499064        369732        285044        220569        152346        70117         
0.800 2            0.999996        7.10789         157         20          29          47          5583671       5583671       0             0             20338513      20338513      0             3135154       787729        519188        384512        296445        229329        158503        72811         
0.800 2            0.999995        7.11075         157         20          29          47          5799037       5799037       0             0             21123914      21123914      0             3256099       818386        539140        399518        307829        238040        164516        75509         
0.800 2            0.999996        7.11031         157         20          29          47          6014854       6014854       0             0             21906779      21906779      0             3377494       849143        559064        414533        319171        246631        170665        78153         
0.800 2            0.999996        7.10926         157         20          29          47          6229555       6229555       0             0             22685910      22685910      0             3498034       879418        578978        429383        330525        255440        176873        80904         
0.800 2            0.999995        7.11509         157         20          29          47          6445103       6445103       0             0             23482797      23482797      0             3619394       909740        598984        444254        341870        264195        182986        83680         
0.800 2            0.999994        7.11505         157         20          29          47          6659371       6659371       0             0             24265804      24265804      0             3739674       939878        618817        458970        353397        273050        189094        86491         
0.800 2            0.999996        7.11657         157         20          29          47          6874386       6874386       0             0             25052264      25052264      0             3860440       970289        638585        473930        364800        281898        195201        89243         
       Value   Percentile   TotalCount 1/(1-Percentile)

       1.000     0.000000      2473832         1.00
       1.000     0.100000      2473832         1.11
       1.000     0.200000      2473832         1.25
       2.000     0.300000      4229262         1.43
       3.000     0.400000      5543335         1.67
       4.000     0.500000      6544990         2.00
       5.000     0.550000      7325036         2.22
       6.000     0.600000      7929757         2.50
       7.000     0.650000      8406448         2.86
       8.000     0.700000      8789319         3.33
      10.000     0.750000      9372283         4.00
      11.000     0.775000      9605086         4.44
      13.000     0.800000     10001546         5.00
      14.000     0.825000     10174187         5.71
      16.000     0.850000     10480646         6.67
      19.000     0.875000     10861925         8.00
      20.000     0.887500     10971794         8.89
      21.000     0.900000     11074385        10.00
      23.000     0.912500     11256815        11.43
      25.000     0.925000     11414170        13.33
      27.000     0.937500     11548824        16.00
      28.000     0.943750     11608491        17.78
      30.000     0.950000     11714656        20.00
      31.000     0.956250     11761669        22.86
      33.000     0.962500     11844369        26.67
      35.000     0.968750     11914766        32.00
      36.000     0.971875     11945861        35.56
      38.000     0.975000     12000450        40.00
      39.000     0.978125     12024475        45.71
      41.000     0.981250     12066927        53.33
      43.000     0.984375     12102690        64.00
      44.000     0.985938     12118641        71.11
      46.000     0.987500     12146385        80.00
      47.000     0.989062     12158531        91.43
      49.000     0.990625     12179839       106.67
      51.000     0.992188     12197718       128.00
      52.000     0.992969     12205685       142.22
      54.000     0.993750     12219392       160.00
      55.000     0.994531     12225482       182.86
      57.000     0.995313     12236119       213.33
      59.000     0.996094     12244889       256.00
      60.000     0.996484     12248890       284.44
      61.000     0.996875     12252482       320.00
      63.000     0.997266     12258751       365.71
      65.000     0.997656     12263836       426.67
      67.000     0.998047     12268216       512.00
      68.000     0.998242     12270120       568.89
      69.000     0.998437     12271897       640.00
      71.000     0.998633     12274983       731.43
      72.000     0.998828     12276260       853.33
      74.000     0.999023     12278507      1024.00
      76.000     0.999121     12280537      1137.78
      77.000     0.999219     12281394      1280.00
      78.000     0.999316     12282200      1462.86
      80.000     0.999414     12283529      1706.67
      82.000     0.999512     12284682      2048.00
      83.000     0.999561     12285158      2275.56
      85.000     0.999609     12286044      2560.00
      86.000     0.999658     12286444      2925.71
      88.000     0.999707     12287087      3413.33
      90.000     0.999756     12287650      4096.00
      91.000     0.999780     12287917      4551.11
      92.000     0.999805     12288129      5120.00
      94.000     0.999829     12288510      5851.43
      95.000     0.999854     12288733      6826.67
      97.000     0.999878     12289075      8192.00
      98.000     0.999890     12289184      9102.22
      99.000     0.999902     12289296     10240.00
     101.000     0.999915     12289496     11702.86
     103.000     0.999927     12289677     13653.33
     105.000     0.999939     12289814     16384.00
     106.000     0.999945     12289889     18204.44
     107.000     0.999951     12289938     20480.00
     108.000     0.999957     12289993     23405.71
     110.000     0.999963     12290080     27306.67
     111.000     0.999969     12290121     32768.00
     113.000     0.999973     12290177     36408.89
     114.000     0.999976     12290210     40960.00
     115.000     0.999979     12290236     46811.43
     116.000     0.999982     12290270     54613.33
     118.000     0.999985     12290315     65536.00
     119.000     0.999986     12290330     72817.78
     120.000     0.999988     12290354     81920.00
     121.000     0.999989     12290377     93622.86
     122.000     0.999991     12290390    109226.67
     124.000     0.999992     12290407    131072.00
     125.000     0.999993     12290416    145635.56
     126.000     0.999994     12290426    163840.00
     127.000     0.999995     12290440    187245.71
     127.000     0.999995     12290440    218453.33
     129.000     0.999996     12290451    262144.00
     130.000     0.999997     12290456    291271.11
     131.000     0.999997     12290461    327680.00
     132.000     0.999997     12290464    374491.43
     133.000     0.999998     12290466    436906.67
     135.000     0.999998     12290476    524288.00
     135.000     0.999998     12290476    582542.22
     135.000     0.999998     12290476    655360.00
     136.000     0.999999     12290481    748982.86
     136.000     0.999999     12290481    873813.33
     140.000     0.999999     12290483   1048576.00
     141.000     0.999999     12290486   1165084.44
     141.000     0.999999     12290486   1310720.00
     141.000     0.999999     12290486   1497965.71
     142.000     0.999999     12290488   1747626.67
     144.000     1.000000     12290489   2097152.00
     144.000     1.000000     12290489   2330168.89
     147.000     1.000000     12290490   2621440.00
     147.000     1.000000     12290490   2995931.43
     148.000     1.000000     12290491   3495253.33
     149.000     1.000000     12290492   4194304.00
     149.000     1.000000     12290492   4660337.78
     149.000     1.000000     12290492   5242880.00
     149.000     1.000000     12290492   5991862.86
     158.000     1.000000     12290494   6990506.67
     158.000     1.000000     12290494          inf
#[Mean    =        8.117, StdDeviation   =       10.242]
#[Max     =      158.000, Total count    =     12290494]
#[Buckets =           22, SubBuckets     =         2048]
{
    "E_Frequency": 100,
    "Ouroboros_filename": "../data/Ouroboros/n=8.txt",
    "Ouroboros_stats_filename": "../results/Simulator-8-1920000-2261762003.dat",
    "Queue_bound": 10000,
    "average_burst_length": -1,
    "average_burst_length_array": [],
    "frame_number": 1920000,
    "injection_name": "Bernoulli",
    "injection_option": 0,
    "load": 0.8,
    "load_array": [
        0.8
    ],
    "model_name": "",
    "model_option": 3,
    "name": "Simulator",
    "port_number": 8,
    "probability_off": -1,
    "probability_on": -1,
    "seed_for_traffic_generator": 2261762003,
    "type": 0,
    "verbosity_level": 1
}
{
    "arrivals": [
        -1,
        -1,
        -1,
        -1,
        -1,
        -1,
        -1,
        -1
    ],
    "current-timeslot": 0,
    "queue-lengths": [
        [
            0,
            0,
            0,
            0,
            0,
            0,
            0,
            0
        ],
        [
            0,
            0,
            0,
            0,
            0,
            0,
            0,
            0
        ],
        [
            0,
            0,
            0,
            0,
            0,
            0,
            0,
            0
        ],
        [
            0,
            0,
            0,
            0,
            0,
            0,
            0,
            0
        ],
        [
            0,
            0,
            0,
            0,
            0,
            0,
            0,
            0
        ],
        [
            0,
            0,
            0,
            0,
            0,
            0,
            0,
            0
        ],
        [
            0,
            0,
            0,
            0,
            0,
            0,
            0,
            0
        ],
        [
            0,
            0,
            0,
            0,
            0,
            0,
            0,
            0
        ]
    ],
    "schedule": [
        0,
        1,
        2,
        3,
        4,
        5,
        6,
        7
    ]
}
0               -1              0           -1          -1          -1          0             0             0             0             0             0             0             0             0             0             0             0             0             0             0             
#Load Traffic-Mode Throughput      Mean-Delay      Max-Delay   P90-Delay   P95-Delay   P99-Delay   cycles        cycles-ourob  cycles-wrong  cycles-bc     cyc-weights   ocyc-weights  wcyc-weights  CS-1          CS-2          CS-3          CS-4          CS-5          CS-6          CS-7          CS-8          
0.800 3            0.999943        3.12904         69          9           13          23          309078        309078        0             0             778964        778964        0             228331        44503         14591         7321          5962          4635          2798          937           
0.800 3            0.999987        3.17083         82          9           14          23          617846        617846        0             0             1567339       1567339       0             455890        89327         29340         14762         11875         9282          5591          1779          
0.800 3            0.999987        3.16536         82          9           14          23          927332        927332        0             0             2347798       2347798       0             684477        133887        44137         22157         17703         13923         8303          2745          
0.800 3            0.999994        3.1686          82          9           14          23          1236430       1236430       0             0             3130294       3130294       0             912189        179145        58864         29461         23472         18577         11089         3633          
0.800 3            0.999992        3.16171         82          9           14          23          1546548       1546548       0             0             3908382       3908382       0             1141436       223986        73643         36566         29217         23293         13884         4523          
0.800 3            0.999991        3.1633          82          9           14          23          1856709       1856709       0             0             4691813       4691813       0             1370756       268851        88185         43899         35027         27977         16630         5384          
0.800 3            0.999987        3.16353         82          9           14          23          2166040       2166040       0             0             5476662       5476662       0             1599101       313772        102706        51207         40773         32670         19516         6295          
0.800 3            0.999991        3.16792         82          9           14          23          2475910       2475910       0             0             6263294       6263294       0             1827861       358692        117521        58455         46611         37296         22251         7223          
0.800 3            0.999994        3.17315         82          9           14          24          2786101       2786101       0             0             7051522       7051522       0             2056836       404130        132071        65677         52382         41870         25003         8132          
0.800 3            0.999994        3.17394         82          9           14          24          3095991       3095991       0             0             7836035       7836035       0             2285553       449326        146848        72867         58089         46563         27680         9065          
0.800 3            0.999996        3.17494         82          9           14          24          3406130       3406130       0             0             8620559       8620559       0             2514686       494428        161491        80201         63727         51241         30420         9936          
0.800 3            0.999996        3.1713          82          9           14          24          3715545       3715545       0             0             9398992       9398992       0             2743467       538983        176046        87417         69539         55952         33286         10855         
0.800 3            0.999995        3.17391         82          9           14          24          4024453       4024453       0             0             10188371      10188371      0             2971277       583769        190723        94818         75361         60716         36037         11752         
0.800 3            0.999995        3.17107         82          9           14          23          4334066       4334066       0             0             10966031      10966031      0             3199883       628763        205288        102157        81200         65288         38861         12626         
0.800 3            0.999997        3.17098         82          9           14          23          4643703       4643703       0             0             11748370      11748370      0             3428981       673311        219851        109338        87053         69934         41649         13586         
0.800 3            0.999997        3.16858         82          9           14          23          4953560       4953560       0             0             12526486      12526486      0             3657714       718245        234730        116674        92726         74550         44492         14429         
0.800 3            0.999996        3.16815         82          9           14          23          5263428       5263428       0             0             13308296      13308296      0             3886409       763369        249432        124029        98516         79094         47263         15316         
0.800 3            0.999997        3.16931         82          9           14          23          5572634       5572634       0             0             14095545      14095545      0             4114602       808093        264153        131479        104329        83686         50060         16232         
0.800 3            0.999996        3.17133         82          9           14          23          5882093       5882093       0             0             14883745      14883745      0             4342796       853083        278826        138899        110208        88427         52766         17088         
0.800 3            0.999999        3.17014         82          9           14          23          6191227       6191227       0             0             15665697      15665697      0             4570896       897911        293426        146166        116118        93134         55550         18026         
0.800 3            0.999997        3.16978         82          9           14          23          6500924       6500924       0             0             16445831      16445831      0             4799539       942848        308043        153529        121895        97818         58343         18909         
0.800 3            0.999998        3.17134         82          9           14          23          6810309       6810309       0             0             17235931      17235931      0             5027973       987788        322514        160750        127794        102570        61129         19791         
0.800 3            0.999998        3.16996         82          9           14          23          7119054       7119054       0             0             18014768      18014768      0             5255196       1032993       337342        168062        133629        107257        63847         20728         
0.800 3            0.999997        3.1699          82          9           14          23          7429040       7429040       0             0             18797615      18797615      0             5484432       1077543       352141        175395        139404        111887        66599         21639         
0.800 3            0.999998        3.16869         89          9           14          23          7739369       7739369       0             0             19579111      19579111      0             5714403       1122077       366388        182706        145262        116633        69357         22543         
0.800 3            0.999998        3.16923         89          9           14          23          8048873       8048873       0             0             20364712      20364712      0             5942730       1166758       381451        190216        151043        121179        72064         23432         
0.800 3            0.999998        3.16889         89          9           14          23          8358271       8358271       0             0             21145993      21145993      0             6170791       1211965       396376        197268        156776        125906        74853         24336         
0.800 3            0.999998        3.16648         89          9           14          23          8667821       8667821       0             0             21921169      21921169      0             6399348       1256883       410853        204717        162539        130612        77588         25281         
0.800 3            0.999998        3.16599         89          9           14          23          8977120       8977120       0             0             22701315      22701315      0             6627768       1301541       425594        211947        168396        135329        80350         26195         
0.800 3            0.999997        3.1647          89          9           14          23          9286568       9286568       0             0             23478573      23478573      0             6856345       1346441       439958        219289        174256        140018        83181         27080         
0.800 3            0.999998        3.16495         89          9           14          23          9596359       9596359       0             0             24262492      24262492      0             7084890       1391575       454703        226643        179963        144740        85872         27973         
0.800 3            0.999998        3.16512         89          9           14          23          9906782       9906782       0             0             25047454      25047454      0             7314470       1436396       469363        234001        185748        149352        88575         28877         
       Value   Percentile   TotalCount 1/(1-Percentile)

       1.000     0.000000      3645964         1.00
       1.000     0.100000      3645964         1.11
       1.000     0.200000      3645964         1.25
       2.000     0.300000      6204598         1.43
       2.000     0.400000      6204598         1.67
       2.000     0.500000      6204598         2.00
       3.000     0.550000      7986900         2.22
       3.000     0.600000      7986900         2.50
       3.000     0.650000      7986900         2.86
       4.000     0.700000      9105324         3.33
       5.000     0.750000      9807108         4.00
       5.000     0.775000      9807108         4.44
       6.000     0.800000     10261259         5.00
       6.000     0.825000     10261259         5.71
       7.000     0.850000     10577063         6.67
       8.000     0.875000     10816490         8.00
       9.000     0.887500     11010964         8.89
      10.000     0.900000     11176798        10.00
      11.000     0.912500     11321456        11.43
      12.000     0.925000     11449640        13.33
      13.000     0.937500     11562937        16.00
      14.000     0.943750     11663458        17.78
      15.000     0.950000     11751666        20.00
      15.000     0.956250     11751666        22.86
      16.000     0.962500     11828229        26.67
      18.000     0.968750     11953161        32.00
      18.000     0.971875     11953161        35.56
      19.000     0.975000     12003022        40.00
      20.000     0.978125     12046128        45.71
      21.000     0.981250     12083049        53.33
      22.000     0.984375     12114748        64.00
      22.000     0.985938     12114748        71.11
      23.000     0.987500     12141513        80.00
      24.000     0.989062     12164454        91.43
      25.000     0.990625     12183881       106.67
      26.000     0.992188     12200228       128.00
      26.000     0.992969     12200228       142.22
      27.000     0.993750     12213990       160.00
      28.000     0.994531     12225557       182.86
      29.000     0.995313     12235486       213.33
      30.000     0.996094     12243594       256.00
      30.000     0.996484     12243594       284.44
      31.000     0.996875     12250340       320.00
      32.000     0.997266     12256030       365.71
      33.000     0.997656     12260689       426.67
      34.000     0.998047     12264736       512.00
      34.000     0.998242     12264736       568.89
      35.000     0.998437     12268145       640.00
      36.000     0.998633     12270999       731.43
      36.000     0.998828     12270999       853.33
      37.000     0.999023     12273412      1024.00
      38.000     0.999121     12275431      1137.78
      39.000     0.999219     12277141      1280.00
      39.000     0.999316     12277141      1462.86
      40.000     0.999414     12278459      1706.67
      41.000     0.999512     12279615      2048.00
      42.000     0.999561     12280617      2275.56
      42.000     0.999609     12280617      2560.00
      43.000     0.999658     12281429      2925.71
      44.000     0.999707     12282048      3413.33
      45.000     0.999756     12282620      4096.00
      45.000     0.999780     12282620      4551.11
      46.000     0.999805     12283054      5120.00
      46.000     0.999829     12283054      5851.43
      47.000     0.999854     12283437      6826.67
      48.000     0.999878     12283704      8192.00
      49.000     0.999890     12283933      9102.22
      49.000     0.999902     12283933     10240.00
      50.000     0.999915     12284158     11702.86
      51.000     0.999927     12284337     13653.33
      51.000     0.999939     12284337     16384.00
      52.000     0.999945     12284462     18204.44
      53.000     0.999951     12284584     20480.00
      53.000     0.999957     12284584     23405.71
      54.000     0.999963     12284664     27306.67
      55.000     0.999969     12284748     32768.00
      55.000     0.999973     12284748     36408.89
      56.000     0.999976     12284813     40960.00
      56.000     0.999979     12284813     46811.43
      57.000     0.999982     12284860     54613.33
      58.000     0.999985     12284893     65536.00
      59.000     0.999986     12284922     72817.78
      59.000     0.999988     12284922     81920.00
      60.000     0.999989     12284944     93622.86
      61.000     0.999991     12284971    109226.67
      62.000     0.999992     12284991    131072.00
      62.000     0.999993     12284991    145635.56
      63.000     0.999994     12285005    163840.00
      63.000     0.999995     12285005    187245.71
      64.000     0.999995     12285019    218453.33
      65.000     0.999996     12285027    262144.00
      66.000     0.999997     12285032    291271.11
      67.000     0.999997     12285038    327680.00
      67.000     0.999997     12285038    374491.43
      68.000     0.999998     12285044    436906.67
      70.000     0.999998     12285052    524288.00
      70.000     0.999998     12285052    582542.22
      70.000     0.999998     12285052    655360.00
      71.000     0.999999     12285056    748982.86
      71.000     0.999999     12285056    873813.33
      72.000     0.999999     12285061   1048576.00
      72.000     0.999999     12285061   1165084.44
      72.000     0.999999     12285061   1310720.00
      73.000     0.999999     12285062   1497965.71
      74.000     0.999999     12285063   1747626.67
      78.000     1.000000     12285066   2097152.00
      78.000     1.000000     12285066   2330168.89
      78.000     1.000000     12285066   2621440.00
      78.000     1.000000     12285066   2995931.43
      79.000     1.000000     12285067   3495253.33
      83.000     1.000000     12285069   4194304.00
      83.000     1.000000     12285069   4660337.78
      83.000     1.000000     12285069   5242880.00
      83.000     1.000000     12285069   5991862.86
      83.000     1.000000     12285069   6990506.67
      83.000     1.000000     12285069   8388608.00
      83.000     1.000000     12285069   9320675.55
      83.000     1.000000     12285069  10485760.00
      83.000     1.000000     12285069  11983725.71
      90.000     1.000000     12285070  13981013.34
      90.000     1.000000     12285070          inf
#[Mean    =        4.165, StdDeviation   =        4.867]
#[Max     =       90.000, Total count    =     12285070]
#[Buckets =           22, SubBuckets     =         2048]
