
Get seed: 2610410786
{
    "E_Frequency": 100,
    "Ouroboros_filename": "../data/Ouroboros/n=8.txt",
    "Ouroboros_stats_filename": "../results/Simulator-8-1920000-2610410786.dat",
    "Queue_bound": 10000,
    "average_burst_length": -1,
    "average_burst_length_array": [],
    "frame_number": 1920000,
    "injection_name": "Bernoulli",
    "injection_option": 0,
    "load": 0.7,
    "load_array": [
        0.7
    ],
    "model_name": "",
    "model_option": 0,
    "name": "Simulator",
    "port_number": 8,
    "probability_off": -1,
    "probability_on": -1,
    "seed_for_traffic_generator": 2610410786,
    "type": 0,
    "verbosity_level": 1
}
{
    "arrivals": [
        -1,
        -1,
        -1,
        -1,
        -1,
        -1,
        -1,
        -1
    ],
    "current-timeslot": 0,
    "queue-lengths": [
        [
            0,
            0,
            0,
            0,
            0,
            0,
            0,
            0
        ],
        [
            0,
            0,
            0,
            0,
            0,
            0,
            0,
            0
        ],
        [
            0,
            0,
            0,
            0,
            0,
            0,
            0,
            0
        ],
        [
            0,
            0,
            0,
            0,
            0,
            0,
            0,
            0
        ],
        [
            0,
            0,
            0,
            0,
            0,
            0,
            0,
            0
        ],
        [
            0,
            0,
            0,
            0,
            0,
            0,
            0,
            0
        ],
        [
            0,
            0,
            0,
            0,
            0,
            0,
            0,
            0
        ],
        [
            0,
            0,
            0,
            0,
            0,
            0,
            0,
            0
        ]
    ],
    "schedule": [
        0,
        1,
        2,
        3,
        4,
        5,
        6,
        7
    ]
}
0               -1              0           -1          -1          -1          0             0             0             0             0             0             0             0             0             0             0             0             0             0             0             
#Load Traffic-Mode Throughput      Mean-Delay      Max-Delay   P90-Delay   P95-Delay   P99-Delay   cycles        cycles-ourob  cycles-wrong  cycles-bc     cyc-weights   ocyc-weights  wcyc-weights  CS-1          CS-2          CS-3          CS-4          CS-5          CS-6          CS-7          CS-8          
0.700 0            0.999884        7.65944         130         21          29          49          165157        165157        0             0             556271        556271        0             64164         29273         19709         14676         11920         9866          8585          6964          
0.700 0            0.999923        7.62432         194         21          29          49          330428        330428        0             0             1109189       1109189       0             128228        58651         39357         29738         23748         19759         17015         13932         
0.700 0            0.999953        7.67211         194         21          30          49          494776        494776        0             0             1667605       1667605       0             191692        87740         58965         44442         35647         29607         25600         21083         
0.700 0            0.99997         7.67392         194         21          30          49          659689        659689        0             0             2223074       2223074       0             255449        116884        78842         59301         47717         39354         34000         28142         
0.700 0            0.999966        7.67195         194         21          30          49          824781        824781        0             0             2778111       2778111       0             319570        145892        98614         74141         59601         49351         42399         35213         
0.700 0            0.999982        7.67191         194         21          30          49          989635        989635        0             0             3333964       3333964       0             383466        174956        118414        89043         71330         59273         50792         42361         
0.700 0            0.99998         7.67219         194         21          30          49          1153937       1153937       0             0             3888984       3888984       0             447099        203758        138039        103783        83243         69240         59287         49488         
0.700 0            0.999985        7.67424         194         21          30          49          1318846       1318846       0             0             4444669       4444669       0             511037        232845        157852        118573        95026         79127         67891         56495         
0.700 0            0.999988        7.6804          194         21          30          49          1483466       1483466       0             0             5002488       5002488       0             574699        262006        177596        133195        106951        89111         76308         63600         
0.700 0            0.999989        7.67879         194         21          30          49          1648552       1648552       0             0             5558379       5558379       0             638790        291158        197434        147864        118805        98990         84917         70594         
0.700 0            0.999988        7.67345         194         21          30          49          1813715       1813715       0             0             6111535       6111535       0             703028        320332        217117        162664        130651        109054        93262         77607         
0.700 0            0.99999         7.67213         194         21          30          49          1977876       1977876       0             0             6666659       6666659       0             766569        348931        236874        177457        142498        118956        101835        84756         
0.700 0            0.999989        7.67744         194         21          30          49          2142512       2142512       0             0             7225232       7225232       0             830195        378043        256515        192454        154397        128720        110355        91833         
0.700 0            0.999992        7.67817         194         21          30          49          2307303       2307303       0             0             7782759       7782759       0             893979        407133        276390        207282        166236        138555        118765        98963         
0.700 0            0.99999         7.67464         194         21          30          49          2472302       2472302       0             0             8337081       8337081       0             957715        436457        296290        222051        178167        148223        127260        106139        
0.700 0            0.999993        7.67449         194         21          30          49          2637099       2637099       0             0             8890653       8890653       0             1021466       465483        316195        237004        189912        158098        135717        113224        
0.700 0            0.999993        7.67855         194         21          30          49          2802153       2802153       0             0             9449375       9449375       0             1085255       494857        335923        252097        201565        168135        144169        120152        
0.700 0            0.999994        7.68228         200         21          30          49          2967420       2967420       0             0             10007193      10007193      0             1149443       523834        355971        266876        213578        178028        152602        127088        
0.700 0            0.999994        7.68415         200         21          30          49          3132138       3132138       0             0             10565253      10565253      0             1212830       553166        375908        281713        225551        187870        160889        134211        
0.700 0            0.999995        7.68396         200         21          30          49          3297109       3297109       0             0             11121643      11121643      0             1276777       582316        395569        296640        237427        197775        169317        141288        
0.700 0            0.999994        7.68427         200         21          30          49          3462182       3462182       0             0             11677724      11677724      0             1340902       611349        415368        311506        249299        207652        177687        148419        
0.700 0            0.999994        7.68794         200         21          30          49          3627119       3627119       0             0             12236246      12236246      0             1404835       640617        435036        326243        261045        217609        186300        155434        
0.700 0            0.999994        7.69214         200         21          30          49          3791669       3791669       0             0             12797859      12797859      0             1468334       669731        454828        341137        272712        227641        194722        162564        
0.700 0            0.999995        7.69115         200         21          30          49          3956258       3956258       0             0             13352350      13352350      0             1531947       698752        474495        356109        284593        237495        203259        169608        
0.700 0            0.999994        7.69501         200         21          30          49          4121073       4121073       0             0             13913002      13913002      0             1595840       727779        494171        371004        296494        247368        211845        176572        
0.700 0            0.999996        7.69388         200         21          30          49          4286153       4286153       0             0             14468502      14468502      0             1659857       757052        513868        385852        308377        257325        220304        183518        
0.700 0            0.999995        7.69455         200         21          30          49          4450868       4450868       0             0             15025746      15025746      0             1723386       786237        533780        400721        320165        267278        228705        190596        
0.700 0            0.999995        7.6943          200         21          30          49          4615682       4615682       0             0             15581875      15581875      0             1786907       815479        553681        415589        332178        277177        237088        197583        
0.700 0            0.999996        7.69284         262         21          30          49          4780308       4780308       0             0             16137063      16137063      0             1850381       844651        573605        430302        344176        286952        245538        204703        
0.700 0            0.999996        7.69308         262         21          30          49          4945034       4945034       0             0             16694681      16694681      0             1914180       873728        593352        444976        356113        296814        254117        211754        
0.700 0            0.999995        7.6959          262         21          30          49          5109577       5109577       0             0             17253677      17253677      0             1978002       902490        612983        459816        368067        306708        262626        218885        
0.700 0            0.999996        7.69503         262         21          30          49          5274153       5274153       0             0             17809804      17809804      0             2041549       931387        632844        474802        379979        316539        271256        225797        
       Value   Percentile   TotalCount 1/(1-Percentile)

       1.000     0.000000      3046094         1.00
       1.000     0.100000      3046094         1.11
       1.000     0.200000      3046094         1.25
       2.000     0.300000      4205238         1.43
       3.000     0.400000      4864032         1.67
       4.000     0.500000      5403405         2.00
       6.000     0.550000      6323450         2.22
       7.000     0.600000      6719018         2.50
       8.000     0.650000      7077145         2.86
      10.000     0.700000      7693681         3.33
      12.000     0.750000      8200105         4.00
      13.000     0.775000      8419626         4.44
      14.000     0.800000      8618786         5.00
      16.000     0.825000      8965054         5.71
      18.000     0.850000      9251082         6.67
      20.000     0.875000      9489092         8.00
      21.000     0.887500      9592679         8.89
      22.000     0.900000      9687598        10.00
      24.000     0.912500      9853684        11.43
      26.000     0.925000      9992136        13.33
      28.000     0.937500     10108577        16.00
      29.000     0.943750     10159609        17.78
      31.000     0.950000     10249629        20.00
      32.000     0.956250     10289156        22.86
      34.000     0.962500     10359108        26.67
      36.000     0.968750     10418197        32.00
      38.000     0.971875     10468485        35.56
      39.000     0.975000     10490724        40.00
      41.000     0.978125     10529642        45.71
      43.000     0.981250     10562362        53.33
      45.000     0.984375     10590544        64.00
      46.000     0.985938     10602960        71.11
      48.000     0.987500     10625038        80.00
      49.000     0.989062     10634679        91.43
      51.000     0.990625     10652054       106.67
      53.000     0.992188     10666739       128.00
      55.000     0.992969     10679236       142.22
      56.000     0.993750     10684816       160.00
      58.000     0.994531     10694785       182.86
      60.000     0.995313     10702982       213.33
      62.000     0.996094     10710060       256.00
      63.000     0.996484     10713119       284.44
      65.000     0.996875     10718687       320.00
      66.000     0.997266     10721220       365.71
      68.000     0.997656     10725592       426.67
      70.000     0.998047     10729329       512.00
      72.000     0.998242     10732405       568.89
      73.000     0.998437     10733800       640.00
      75.000     0.998633     10736220       731.43
      77.000     0.998828     10738273       853.33
      79.000     0.999023     10740076      1024.00
      80.000     0.999121     10740872      1137.78
      82.000     0.999219     10742304      1280.00
      83.000     0.999316     10742903      1462.86
      85.000     0.999414     10744014      1706.67
      88.000     0.999512     10745360      2048.00
      89.000     0.999561     10745719      2275.56
      90.000     0.999609     10746066      2560.00
      92.000     0.999658     10746711      2925.71
      94.000     0.999707     10747260      3413.33
      96.000     0.999756     10747705      4096.00
      97.000     0.999780     10747875      4551.11
      98.000     0.999805     10748084      5120.00
     100.000     0.999829     10748386      5851.43
     102.000     0.999854     10748662      6826.67
     104.000     0.999878     10748889      8192.00
     105.000     0.999890     10748985      9102.22
     107.000     0.999902     10749165     10240.00
     108.000     0.999915     10749243     11702.86
     110.000     0.999927     10749393     13653.33
     113.000     0.999939     10749564     16384.00
     114.000     0.999945     10749601     18204.44
     115.000     0.999951     10749643     20480.00
     117.000     0.999957     10749715     23405.71
     119.000     0.999963     10749804     27306.67
     120.000     0.999969     10749832     32768.00
     122.000     0.999973     10749879     36408.89
     123.000     0.999976     10749902     40960.00
     125.000     0.999979     10749939     46811.43
     127.000     0.999982     10749976     54613.33
     129.000     0.999985     10750000     65536.00
     130.000     0.999986     10750019     72817.78
     131.000     0.999988     10750031     81920.00
     133.000     0.999989     10750046     93622.86
     136.000     0.999991     10750066    109226.67
     139.000     0.999992     10750079    131072.00
     140.000     0.999993     10750085    145635.56
     142.000     0.999994     10750093    163840.00
     144.000     0.999995     10750103    187245.71
     146.000     0.999995     10750110    218453.33
     151.000     0.999996     10750120    262144.00
     153.000     0.999997     10750125    291271.11
     154.000     0.999997     10750127    327680.00
     155.000     0.999997     10750130    374491.43
     158.000     0.999998     10750134    436906.67
     161.000     0.999998     10750139    524288.00
     165.000     0.999998     10750142    582542.22
     165.000     0.999998     10750142    655360.00
     167.000     0.999999     10750145    748982.86
     171.000     0.999999     10750146    873813.33
     178.000     0.999999     10750148   1048576.00
     179.000     0.999999     10750149   1165084.44
     183.000     0.999999     10750151   1310720.00
     183.000     0.999999     10750151   1497965.71
     185.000     0.999999     10750152   1747626.67
     188.000     1.000000     10750153   2097152.00
     191.000     1.000000     10750154   2330168.89
     191.000     1.000000     10750154   2621440.00
     194.000     1.000000     10750155   2995931.43
     194.000     1.000000     10750155   3495253.33
     195.000     1.000000     10750156   4194304.00
     195.000     1.000000     10750156   4660337.78
     195.000     1.000000     10750156   5242880.00
     201.000     1.000000     10750157   5991862.86
     201.000     1.000000     10750157   6990506.67
     201.000     1.000000     10750157   8388608.00
     201.000     1.000000     10750157   9320675.55
     201.000     1.000000     10750157  10485760.00
     263.000     1.000000     10750158  11983725.71
     263.000     1.000000     10750158          inf
#[Mean    =        8.695, StdDeviation   =       10.827]
#[Max     =      263.000, Total count    =     10750158]
#[Buckets =           22, SubBuckets     =         2048]
{
    "E_Frequency": 100,
    "Ouroboros_filename": "../data/Ouroboros/n=8.txt",
    "Ouroboros_stats_filename": "../results/Simulator-8-1920000-2610410786.dat",
    "Queue_bound": 10000,
    "average_burst_length": -1,
    "average_burst_length_array": [],
    "frame_number": 1920000,
    "injection_name": "Bernoulli",
    "injection_option": 0,
    "load": 0.7,
    "load_array": [
        0.7
    ],
    "model_name": "",
    "model_option": 1,
    "name": "Simulator",
    "port_number": 8,
    "probability_off": -1,
    "probability_on": -1,
    "seed_for_traffic_generator": 2610410786,
    "type": 0,
    "verbosity_level": 1
}
{
    "arrivals": [
        -1,
        -1,
        -1,
        -1,
        -1,
        -1,
        -1,
        -1
    ],
    "current-timeslot": 0,
    "queue-lengths": [
        [
            0,
            0,
            0,
            0,
            0,
            0,
            0,
            0
        ],
        [
            0,
            0,
            0,
            0,
            0,
            0,
            0,
            0
        ],
        [
            0,
            0,
            0,
            0,
            0,
            0,
            0,
            0
        ],
        [
            0,
            0,
            0,
            0,
            0,
            0,
            0,
            0
        ],
        [
            0,
            0,
            0,
            0,
            0,
            0,
            0,
            0
        ],
        [
            0,
            0,
            0,
            0,
            0,
            0,
            0,
            0
        ],
        [
            0,
            0,
            0,
            0,
            0,
            0,
            0,
            0
        ],
        [
            0,
            0,
            0,
            0,
            0,
            0,
            0,
            0
        ]
    ],
    "schedule": [
        0,
        1,
        2,
        3,
        4,
        5,
        6,
        7
    ]
}
0               -1              0           -1          -1          -1          0             0             0             0             0             0             0             0             0             0             0             0             0             0             0             
#Load Traffic-Mode Throughput      Mean-Delay      Max-Delay   P90-Delay   P95-Delay   P99-Delay   cycles        cycles-ourob  cycles-wrong  cycles-bc     cyc-weights   ocyc-weights  wcyc-weights  CS-1          CS-2          CS-3          CS-4          CS-5          CS-6          CS-7          CS-8          
0.700 1            0.999938        4.36102         123         12          20          40          220318        220318        0             0             555414        555414        0             128646        30428         17876         13919         11678         9234          5984          2553          
0.700 1            0.999961        4.38471         123         12          20          40          441281        441281        0             0             1115163       1115163       0             257527        61548         35726         27593         23342         18550         11935         5060          
0.700 1            0.999978        4.37811         188         12          20          40          662678        662678        0             0             1670847       1670847       0             386805        92418         53763         41645         34964         27788         17842         7453          
0.700 1            0.999982        4.38944         188         12          20          40          883166        883166        0             0             2231105       2231105       0             515119        123206        71911         55451         46612         37173         23822         9872          
0.700 1            0.999984        4.39137         188         12          20          40          1103653       1103653       0             0             2789735       2789735       0             643592        153961        89997         69232         58229         46430         29798         12414         
0.700 1            0.999989        4.39095         188         12          20          40          1325425       1325425       0             0             3347404       3347404       0             773103        185113        108128        83135         69845         55595         35720         14786         
0.700 1            0.999986        4.38579         188         12          20          40          1546491       1546491       0             0             3904049       3904049       0             901644        216298        126373        97148         81481         64781         41634         17132         
0.700 1            0.999991        4.38524         188         12          20          40          1767570       1767570       0             0             4461184       4461184       0             1030470       247406        144466        110833        93116         74132         47656         19491         
0.700 1            0.999989        4.38424         188         12          20          40          1987994       1987994       0             0             5019163       5019163       0             1158724       278164        162736        124543        104772        83431         53678         21946         
0.700 1            0.999994        4.38486         188         12          20          40          2208229       2208229       0             0             5577481       5577481       0             1286686       309149        180869        138389        116364        92639         59745         24388         
0.700 1            0.999994        4.38176         188         12          20          40          2428683       2428683       0             0             6134496       6134496       0             1415080       340039        198791        152360        127795        101949        65832         26837         
0.700 1            0.999991        4.38314         188         12          20          40          2649169       2649169       0             0             6692456       6692456       0             1543538       370960        216718        166100        139386        111138        71978         29351         
0.700 1            0.999995        4.38261         188         12          20          40          2870777       2870777       0             0             7249814       7249814       0             1672832       402295        234760        179939        150979        120296        77881         31795         
0.700 1            0.999996        4.38128         188         12          20          40          3091230       3091230       0             0             7807085       7807085       0             1800811       433560        252793        193909        162586        129457        83834         34280         
0.700 1            0.999996        4.38113         188         12          20          40          3311544       3311544       0             0             8363625       8363625       0             1928795       464763        270731        207727        174173        138648        89943         36764         
0.700 1            0.999996        4.37939         188         12          20          40          3533182       3533182       0             0             8918925       8918925       0             2057951       496117        288787        221856        185677        147760        95875         39159         
0.700 1            0.999995        4.38023         188         12          20          40          3754725       3754725       0             0             9477258       9477258       0             2187138       527408        306821        235690        197349        156974        101798        41547         
0.700 1            0.999995        4.38116         188         12          20          40          3975549       3975549       0             0             10035719      10035719      0             2315424       558589        324939        249872        208881        166135        107738        43971         
0.700 1            0.999996        4.38184         188         12          20          40          4196705       4196705       0             0             10596855      10596855      0             2444362       589626        342857        263931        220449        175465        113600        46415         
0.700 1            0.999997        4.37946         188         12          20          40          4417321       4417321       0             0             11151975      11151975      0             2573065       620170        360755        277816        232268        184767        119604        48876         
0.700 1            0.999997        4.37924         188         12          20          40          4638278       4638278       0             0             11709047      11709047      0             2701670       651450        378715        291650        243820        194051        125609        51313         
0.700 1            0.999997        4.37843         188         12          20          40          4859503       4859503       0             0             12265558      12265558      0             2830805       682442        396671        305412        255525        203316        131551        53781         
0.700 1            0.999997        4.37746         188         12          20          40          5079836       5079836       0             0             12820807      12820807      0             2959003       713389        414769        318941        267358        212661        137496        56219         
0.700 1            0.999997        4.379           188         12          20          40          5299812       5299812       0             0             13380161      13380161      0             3086890       744136        432861        332851        278889        221954        143502        58729         
0.700 1            0.999997        4.38121         188         12          20          40          5520939       5520939       0             0             13941500      13941500      0             3215928       775138        451023        346611        290381        231198        149490        61170         
0.700 1            0.999997        4.38302         188         12          20          40          5741526       5741526       0             0             14501528      14501528      0             3344357       806031        469150        360392        301998        240469        155505        63624         
0.700 1            0.999997        4.3815          188         12          20          40          5962212       5962212       0             0             15054999      15054999      0             3472701       837225        487248        374199        313651        249738        161406        66044         
0.700 1            0.999998        4.38081         188         12          20          40          6183017       6183017       0             0             15613011      15613011      0             3601382       868186        505315        387950        325283        259084        167346        68471         
0.700 1            0.999997        4.38089         188         12          20          40          6403510       6403510       0             0             16172681      16172681      0             3729569       899248        523573        401682        336777        268347        173335        70979         
0.700 1            0.999997        4.38037         188         12          20          40          6624474       6624474       0             0             16731568      16731568      0             3858245       930372        541469        415638        348496        277571        179286        73397         
0.700 1            0.999998        4.37945         188         12          20          40          6845321       6845321       0             0             17289364      17289364      0             3986832       961335        559632        429575        359973        286875        185269        75830         
0.700 1            0.999998        4.37894         188         12          20          40          7065933       7065933       0             0             17846579      17846579      0             4115145       992387        577635        443529        371519        296186        191187        78345         
       Value   Percentile   TotalCount 1/(1-Percentile)

       1.000     0.000000      3517432         1.00
       1.000     0.100000      3517432         1.11
       1.000     0.200000      3517432         1.25
       1.000     0.300000      3517432         1.43
       2.000     0.400000      5453631         1.67
       2.000     0.500000      5453631         2.00
       3.000     0.550000      6595005         2.22
       3.000     0.600000      6595005         2.50
       4.000     0.650000      7380700         2.86
       5.000     0.700000      7959339         3.33
       6.000     0.750000      8389672         4.00
       6.000     0.775000      8389672         4.44
       7.000     0.800000      8717018         5.00
       8.000     0.825000      8974071         5.71
       9.000     0.850000      9179828         6.67
      11.000     0.875000      9491666         8.00
      12.000     0.887500      9614410         8.89
      13.000     0.900000      9720352        10.00
      14.000     0.912500      9813849        11.43
      16.000     0.925000      9970435        13.33
      18.000     0.937500     10096967        16.00
      19.000     0.943750     10150852        17.78
      21.000     0.950000     10244592        20.00
      22.000     0.956250     10284922        22.86
      24.000     0.962500     10355862        26.67
      26.000     0.968750     10415527        32.00
      28.000     0.971875     10465810        35.56
      29.000     0.975000     10487906        40.00
      31.000     0.978125     10526881        45.71
      33.000     0.981250     10559840        53.33
      35.000     0.984375     10588113        64.00
      36.000     0.985938     10600502        71.11
      38.000     0.987500     10622437        80.00
      40.000     0.989062     10641182        91.43
      42.000     0.990625     10657185       106.67
      44.000     0.992188     10670996       128.00
      45.000     0.992969     10677198       142.22
      47.000     0.993750     10687922       160.00
      48.000     0.994531     10692733       182.86
      50.000     0.995313     10701293       213.33
      53.000     0.996094     10711754       256.00
      54.000     0.996484     10714670       284.44
      56.000     0.996875     10720029       320.00
      57.000     0.997266     10722315       365.71
      59.000     0.997656     10726565       426.67
      62.000     0.998047     10731784       512.00
      63.000     0.998242     10733277       568.89
      64.000     0.998437     10734661       640.00
      66.000     0.998633     10737077       731.43
      68.000     0.998828     10739198       853.33
      70.000     0.999023     10740934      1024.00
      72.000     0.999121     10742402      1137.78
      73.000     0.999219     10743076      1280.00
      75.000     0.999316     10744327      1462.86
      77.000     0.999414     10745327      1706.67
      79.000     0.999512     10746262      2048.00
      80.000     0.999561     10746661      2275.56
      82.000     0.999609     10747345      2560.00
      84.000     0.999658     10747943      2925.71
      86.000     0.999707     10748473      3413.33
      88.000     0.999756     10748918      4096.00
      89.000     0.999780     10749086      4551.11
      91.000     0.999805     10749442      5120.00
      92.000     0.999829     10749601      5851.43
      94.000     0.999854     10749846      6826.67
      97.000     0.999878     10750176      8192.00
      98.000     0.999890     10750254      9102.22
      99.000     0.999902     10750336     10240.00
     101.000     0.999915     10750485     11702.86
     103.000     0.999927     10750624     13653.33
     105.000     0.999939     10750729     16384.00
     107.000     0.999945     10750827     18204.44
     108.000     0.999951     10750879     20480.00
     109.000     0.999957     10750932     23405.71
     112.000     0.999963     10751014     27306.67
     114.000     0.999969     10751070     32768.00
     115.000     0.999973     10751094     36408.89
     117.000     0.999976     10751145     40960.00
     118.000     0.999979     10751166     46811.43
     120.000     0.999982     10751200     54613.33
     122.000     0.999985     10751234     65536.00
     123.000     0.999986     10751246     72817.78
     125.000     0.999988     10751261     81920.00
     127.000     0.999989     10751275     93622.86
     129.000     0.999991     10751293    109226.67
     131.000     0.999992     10751306    131072.00
     133.000     0.999993     10751317    145635.56
     134.000     0.999994     10751322    163840.00
     135.000     0.999995     10751331    187245.71
     137.000     0.999995     10751338    218453.33
     141.000     0.999996     10751345    262144.00
     144.000     0.999997     10751354    291271.11
     144.000     0.999997     10751354    327680.00
     147.000     0.999997     10751359    374491.43
     148.000     0.999998     10751361    436906.67
     150.000     0.999998     10751365    524288.00
     152.000     0.999998     10751367    582542.22
     154.000     0.999998     10751370    655360.00
     156.000     0.999999     10751371    748982.86
     162.000     0.999999     10751373    873813.33
     167.000     0.999999     10751376   1048576.00
     167.000     0.999999     10751376   1165084.44
     168.000     0.999999     10751377   1310720.00
     174.000     0.999999     10751379   1497965.71
     174.000     0.999999     10751379   1747626.67
     176.000     1.000000     10751380   2097152.00
     177.000     1.000000     10751381   2330168.89
     177.000     1.000000     10751381   2621440.00
     179.000     1.000000     10751382   2995931.43
     179.000     1.000000     10751382   3495253.33
     184.000     1.000000     10751383   4194304.00
     184.000     1.000000     10751383   4660337.78
     184.000     1.000000     10751383   5242880.00
     185.000     1.000000     10751384   5991862.86
     185.000     1.000000     10751384   6990506.67
     185.000     1.000000     10751384   8388608.00
     185.000     1.000000     10751384   9320675.55
     185.000     1.000000     10751384  10485760.00
     189.000     1.000000     10751385  11983725.71
     189.000     1.000000     10751385          inf
#[Mean    =        5.379, StdDeviation   =        8.010]
#[Max     =      189.000, Total count    =     10751385]
#[Buckets =           22, SubBuckets     =         2048]
{
    "E_Frequency": 100,
    "Ouroboros_filename": "../data/Ouroboros/n=8.txt",
    "Ouroboros_stats_filename": "../results/Simulator-8-1920000-2610410786.dat",
    "Queue_bound": 10000,
    "average_burst_length": -1,
    "average_burst_length_array": [],
    "frame_number": 1920000,
    "injection_name": "Bernoulli",
    "injection_option": 0,
    "load": 0.7,
    "load_array": [
        0.7
    ],
    "model_name": "",
    "model_option": 2,
    "name": "Simulator",
    "port_number": 8,
    "probability_off": -1,
    "probability_on": -1,
    "seed_for_traffic_generator": 2610410786,
    "type": 0,
    "verbosity_level": 1
}
{
    "arrivals": [
        -1,
        -1,
        -1,
        -1,
        -1,
        -1,
        -1,
        -1
    ],
    "current-timeslot": 0,
    "queue-lengths": [
        [
            0,
            0,
            0,
            0,
            0,
            0,
            0,
            0
        ],
        [
            0,
            0,
            0,
            0,
            0,
            0,
            0,
            0
        ],
        [
            0,
            0,
            0,
            0,
            0,
            0,
            0,
            0
        ],
        [
            0,
            0,
            0,
            0,
            0,
            0,
            0,
            0
        ],
        [
            0,
            0,
            0,
            0,
            0,
            0,
            0,
            0
        ],
        [
            0,
            0,
            0,
            0,
            0,
            0,
            0,
            0
        ],
        [
            0,
            0,
            0,
            0,
            0,
            0,
            0,
            0
        ],
        [
            0,
            0,
            0,
            0,
            0,
            0,
            0,
            0
        ]
    ],
    "schedule": [
        0,
        1,
        2,
        3,
        4,
        5,
        6,
        7
    ]
}
0               -1              0           -1          -1          -1          0             0             0             0             0             0             0             0             0             0             0             0             0             0             0             
#Load Traffic-Mode Throughput      Mean-Delay      Max-Delay   P90-Delay   P95-Delay   P99-Delay   cycles        cycles-ourob  cycles-wrong  cycles-bc     cyc-weights   ocyc-weights  wcyc-weights  CS-1          CS-2          CS-3          CS-4          CS-5          CS-6          CS-7          CS-8          
0.700 2            0.999914        4.93495         139         15          23          42          216178        216178        0             0             536200        536200        0             123009        29424         19949         14702         11546         8731          6004          2813          
0.700 2            0.999951        4.9569          149         15          23          42          432138        432138        0             0             1075073       1075073       0             245898        59082         39306         29405         23166         17553         12092         5636          
0.700 2            0.999967        4.9413          149         15          23          42          648619        648619        0             0             1610340       1610340       0             368943        88997         59075         44238         34536         26325         18160         8345          
0.700 2            0.999981        4.9279          163         15          23          42          865159        865159        0             0             2143238       2143238       0             492483        118535        78541         59169         45975         35075         24257         11124         
0.700 2            0.999989        4.93218         163         15          23          42          1081613       1081613       0             0             2680932       2680932       0             615939        148116        98105         73857         57347         43916         30409         13924         
0.700 2            0.999988        4.9292          163         15          23          42          1298056       1298056       0             0             3215082       3215082       0             739358        177481        118104        88499         68766         52699         36516         16633         
0.700 2            0.999986        4.92888         163         15          23          42          1514316       1514316       0             0             3752177       3752177       0             862269        207135        137982        103202        80473         61339         42500         19416         
0.700 2            0.999988        4.92483         163         15          23          42          1730261       1730261       0             0             4287645       4287645       0             985201        236480        157702        118080        91942         69959         48611         22286         
0.700 2            0.99999         4.92475         163         15          23          42          1946476       1946476       0             0             4822075       4822075       0             1108220       266033        177628        132800        103301        78695         54725         25074         
0.700 2            0.999992        4.92448         163         15          23          42          2162934       2162934       0             0             5356932       5356932       0             1231929       295307        197054        147683        114723        87553         60834         27851         
0.700 2            0.999992        4.93078         163         15          23          42          2378232       2378232       0             0             5894636       5894636       0             1354179       324742        216746        162177        126183        96503         67054         30648         
0.700 2            0.999991        4.934           163         15          23          42          2594358       2594358       0             0             6434061       6434061       0             1477320       354172        236406        176814        137693        105308        73203         33442         
0.700 2            0.999992        4.93563         163         15          23          42          2810882       2810882       0             0             6972725       6972725       0             1600767       383481        256368        191564        149181        114099        79196         36226         
0.700 2            0.999996        4.93562         163         15          23          42          3026727       3026727       0             0             7509187       7509187       0             1723504       412934        276252        206148        160626        122788        85458         39017         
0.700 2            0.999995        4.93293         186         15          23          42          3242952       3242952       0             0             8043349       8043349       0             1846274       442638        296271        220894        171994        131579        91543         41759         
0.700 2            0.999994        4.9302          186         15          23          42          3459163       3459163       0             0             8577855       8577855       0             1969534       472028        316109        235455        183305        140569        97596         44567         
0.700 2            0.999997        4.92722         186         15          23          42          3675858       3675858       0             0             9111004       9111004       0             2093252       501618        335625        250330        194702        149327        103619        47385         
0.700 2            0.999995        4.92873         186         15          23          42          3892139       3892139       0             0             9649485       9649485       0             2216025       531454        355615        265041        205992        158074        109826        50112         
0.700 2            0.999996        4.92748         186         15          23          42          4108722       4108722       0             0             10184797      10184797      0             2339565       560987        375288        279776        217499        166940        115786        52881         
0.700 2            0.999996        4.93009         186         15          23          42          4323535       4323535       0             0             10722883      10722883      0             2461427       590092        395042        294301        229077        175881        121948        55767         
0.700 2            0.999995        4.92987         186         15          23          42          4538833       4538833       0             0             11259476      11259476      0             2583707       619489        414600        308975        240580        184778        128097        58607         
0.700 2            0.999996        4.93229         186         15          23          42          4755063       4755063       0             0             11799833      11799833      0             2707021       648819        434243        323721        252078        193521        134212        61448         
0.700 2            0.999996        4.93158         186         15          23          42          4971248       4971248       0             0             12335970      12335970      0             2830199       678098        454185        338268        263625        202352        140355        64166         
0.700 2            0.999998        4.93471         186         15          23          42          5187555       5187555       0             0             12876342      12876342      0             2953484       707591        473656        353071        275214        211149        146426        66964         
0.700 2            0.999998        4.93716         186         15          23          42          5404013       5404013       0             0             13417571      13417571      0             3076910       736970        493400        367813        286647        219960        152577        69736         
0.700 2            0.999997        4.93695         186         15          23          42          5620020       5620020       0             0             13954589      13954589      0             3199622       766537        513401        382561        297849        228815        158726        72509         
0.700 2            0.999998        4.93798         186         15          23          42          5835977       5835977       0             0             14491947      14491947      0             3322635       795914        533084        397284        309247        237586        164986        75241         
0.700 2            0.999997        4.9385          197         15          23          42          6052580       6052580       0             0             15028750      15028750      0             3446179       825500        552907        411979        320470        246417        171068        78060         
0.700 2            0.999998        4.93827         197         15          23          42          6269031       6269031       0             0             15565638      15565638      0             3569678       854951        572534        426756        331817        255249        177209        80837         
0.700 2            0.999997        4.93799         197         15          23          42          6485021       6485021       0             0             16102553      16102553      0             3692694       884121        592245        441515        343330        264175        183255        83686         
0.700 2            0.999997        4.93761         197         15          23          42          6701023       6701023       0             0             16638763      16638763      0             3815525       913710        611949        456364        354764        272912        189300        86499         
0.700 2            0.999999        4.93833         197         15          23          42          6917540       6917540       0             0             17177771      17177771      0             3939099       943243        631323        471198        366193        281704        195543        89237         
       Value   Percentile   TotalCount 1/(1-Percentile)

       1.000     0.000000      3712171         1.00
       1.000     0.100000      3712171         1.11
       1.000     0.200000      3712171         1.25
       1.000     0.300000      3712171         1.43
       2.000     0.400000      5536294         1.67
       2.000     0.500000      5536294         2.00
       3.000     0.550000      6549488         2.22
       3.000     0.600000      6549488         2.50
       4.000     0.650000      7231068         2.86
       5.000     0.700000      7726920         3.33
       6.000     0.750000      8100432         4.00
       7.000     0.775000      8392513         4.44
       8.000     0.800000      8629896         5.00
      10.000     0.825000      9003953         5.71
      11.000     0.850000      9156903         6.67
      13.000     0.875000      9416673         8.00
      15.000     0.887500      9631236         8.89
      16.000     0.900000      9724784        10.00
      17.000     0.912500      9809629        11.43
      19.000     0.925000      9958491        13.33
      21.000     0.937500     10083505        16.00
      23.000     0.943750     10188455        17.78
      24.000     0.950000     10234319        20.00
      26.000     0.956250     10315044        22.86
      27.000     0.962500     10350585        26.67
      30.000     0.968750     10440490        32.00
      31.000     0.971875     10465601        35.56
      32.000     0.975000     10488784        40.00
      34.000     0.978125     10529455        45.71
      36.000     0.981250     10563599        53.33
      38.000     0.984375     10592274        64.00
      39.000     0.985938     10604915        71.11
      40.000     0.987500     10616632        80.00
      42.000     0.989062     10637231        91.43
      44.000     0.990625     10654499       106.67
      46.000     0.992188     10669188       128.00
      47.000     0.992969     10675681       142.22
      49.000     0.993750     10687062       160.00
      50.000     0.994531     10692076       182.86
      52.000     0.995313     10700964       213.33
      54.000     0.996094     10708477       256.00
      56.000     0.996484     10714819       284.44
      57.000     0.996875     10717649       320.00
      59.000     0.997266     10722679       365.71
      61.000     0.997656     10726827       426.67
      63.000     0.998047     10730392       512.00
      64.000     0.998242     10731964       568.89
      66.000     0.998437     10734749       640.00
      67.000     0.998633     10735985       731.43
      69.000     0.998828     10738194       853.33
      71.000     0.999023     10740052      1024.00
      72.000     0.999121     10740847      1137.78
      74.000     0.999219     10742317      1280.00
      75.000     0.999316     10742944      1462.86
      77.000     0.999414     10744012      1706.67
      80.000     0.999512     10745347      2048.00
      81.000     0.999561     10745723      2275.56
      82.000     0.999609     10746079      2560.00
      84.000     0.999658     10746755      2925.71
      86.000     0.999707     10747249      3413.33
      88.000     0.999756     10747714      4096.00
      89.000     0.999780     10747916      4551.11
      91.000     0.999805     10748274      5120.00
      92.000     0.999829     10748431      5851.43
      94.000     0.999854     10748710      6826.67
      96.000     0.999878     10748982      8192.00
      97.000     0.999890     10749076      9102.22
      99.000     0.999902     10749284     10240.00
     100.000     0.999915     10749360     11702.86
     102.000     0.999927     10749514     13653.33
     104.000     0.999939     10749624     16384.00
     105.000     0.999945     10749675     18204.44
     107.000     0.999951     10749758     20480.00
     108.000     0.999957     10749795     23405.71
     110.000     0.999963     10749879     27306.67
     112.000     0.999969     10749939     32768.00
     113.000     0.999973     10749973     36408.89
     114.000     0.999976     10749999     40960.00
     115.000     0.999979     10750027     46811.43
     117.000     0.999982     10750065     54613.33
     119.000     0.999985     10750095     65536.00
     120.000     0.999986     10750115     72817.78
     120.000     0.999988     10750115     81920.00
     122.000     0.999989     10750139     93622.86
     124.000     0.999991     10750151    109226.67
     126.000     0.999992     10750166    131072.00
     128.000     0.999993     10750178    145635.56
     129.000     0.999994     10750186    163840.00
     130.000     0.999995     10750189    187245.71
     132.000     0.999995     10750199    218453.33
     134.000     0.999996     10750206    262144.00
     136.000     0.999997     10750210    291271.11
     138.000     0.999997     10750217    327680.00
     139.000     0.999997     10750220    374491.43
     140.000     0.999998     10750222    436906.67
     144.000     0.999998     10750226    524288.00
     145.000     0.999998     10750228    582542.22
     148.000     0.999998     10750230    655360.00
     150.000     0.999999     10750234    748982.86
     150.000     0.999999     10750234    873813.33
     154.000     0.999999     10750236   1048576.00
     156.000     0.999999     10750237   1165084.44
     161.000     0.999999     10750238   1310720.00
     164.000     0.999999     10750240   1497965.71
     164.000     0.999999     10750240   1747626.67
     169.000     1.000000     10750241   2097152.00
     172.000     1.000000     10750242   2330168.89
     172.000     1.000000     10750242   2621440.00
     173.000     1.000000     10750243   2995931.43
     173.000     1.000000     10750243   3495253.33
     180.000     1.000000     10750244   4194304.00
     180.000     1.000000     10750244   4660337.78
     180.000     1.000000     10750244   5242880.00
     187.000     1.000000     10750245   5991862.86
     187.000     1.000000     10750245   6990506.67
     187.000     1.000000     10750245   8388608.00
     187.000     1.000000     10750245   9320675.55
     187.000     1.000000     10750245  10485760.00
     198.000     1.000000     10750246  11983725.71
     198.000     1.000000     10750246          inf
#[Mean    =        5.938, StdDeviation   =        8.801]
#[Max     =      198.000, Total count    =     10750246]
#[Buckets =           22, SubBuckets     =         2048]
{
    "E_Frequency": 100,
    "Ouroboros_filename": "../data/Ouroboros/n=8.txt",
    "Ouroboros_stats_filename": "../results/Simulator-8-1920000-2610410786.dat",
    "Queue_bound": 10000,
    "average_burst_length": -1,
    "average_burst_length_array": [],
    "frame_number": 1920000,
    "injection_name": "Bernoulli",
    "injection_option": 0,
    "load": 0.7,
    "load_array": [
        0.7
    ],
    "model_name": "",
    "model_option": 3,
    "name": "Simulator",
    "port_number": 8,
    "probability_off": -1,
    "probability_on": -1,
    "seed_for_traffic_generator": 2610410786,
    "type": 0,
    "verbosity_level": 1
}
{
    "arrivals": [
        -1,
        -1,
        -1,
        -1,
        -1,
        -1,
        -1,
        -1
    ],
    "current-timeslot": 0,
    "queue-lengths": [
        [
            0,
            0,
            0,
            0,
            0,
            0,
            0,
            0
        ],
        [
            0,
            0,
            0,
            0,
            0,
            0,
            0,
            0
        ],
        [
            0,
            0,
            0,
            0,
            0,
            0,
            0,
            0
        ],
        [
            0,
            0,
            0,
            0,
            0,
            0,
            0,
            0
        ],
        [
            0,
            0,
            0,
            0,
            0,
            0,
            0,
            0
        ],
        [
            0,
            0,
            0,
            0,
            0,
            0,
            0,
            0
        ],
        [
            0,
            0,
            0,
            0,
            0,
            0,
            0,
            0
        ],
        [
            0,
            0,
            0,
            0,
            0,
            0,
            0,
            0
        ]
    ],
    "schedule": [
        0,
        1,
        2,
        3,
        4,
        5,
        6,
        7
    ]
}
0               -1              0           -1          -1          -1          0             0             0             0             0             0             0             0             0             0             0             0             0             0             0             
#Load Traffic-Mode Throughput      Mean-Delay      Max-Delay   P90-Delay   P95-Delay   P99-Delay   cycles        cycles-ourob  cycles-wrong  cycles-bc     cyc-weights   ocyc-weights  wcyc-weights  CS-1          CS-2          CS-3          CS-4          CS-5          CS-6          CS-7          CS-8          
0.700 3            0.999967        1.68393         56          5           8           17          317655        317655        0             0             486640        486640        0             238756        46245         13223         5930          5169          4597          2846          889           
0.700 3            0.999984        1.68482         64          5           8           17          635136        635136        0             0             973948        973948        0             477272        92616         26312         11925         10403         9123          5725          1760          
0.700 3            0.999993        1.68449         64          5           8           17          951900        951900        0             0             1461215       1461215       0             714724        139062        39512         17907         15640         13808         8612          2635          
0.700 3            0.999992        1.68432         64          5           8           17          1269588       1269588       0             0             1948337       1948337       0             953514        185330        52632         23972         20822         18382         11424         3512          
0.700 3            0.999993        1.67854         64          5           8           17          1587127       1587127       0             0             2431722       2431722       0             1192305       231126        65935         30040         26025         23065         14269         4362          
0.700 3            0.999996        1.68018         76          5           8           17          1905229       1905229       0             0             2918004       2918004       0             1431404       277445        79213         36093         31140         27623         17143         5168          
0.700 3            0.999997        1.67992         76          5           8           17          2222642       2222642       0             0             3403515       3403515       0             1669887       323623        92314         42047         36395         32446         19906         6024          
0.700 3            0.999997        1.68152         76          5           8           17          2539959       2539959       0             0             3890874       3890874       0             1907976       370008        105516        48108         41690         37001         22708         6952          
0.700 3            0.999997        1.68348         76          5           8           17          2857838       2857838       0             0             4381401       4381401       0             2146939       416157        118786        54190         46851         41620         25482         7813          
0.700 3            0.999998        1.68589         76          5           8           17          3174984       3174984       0             0             4870777       4870777       0             2384958       462353        132193        60177         52107         46222         28290         8684          
0.700 3            0.999997        1.6861          78          5           8           17          3492209       3492209       0             0             5357852       5357852       0             2623247       508489        145523        66104         57271         50830         31177         9568          
0.700 3            0.999997        1.68507         78          5           8           17          3809227       3809227       0             0             5842900       5842900       0             2861386       554640        158619        72026         62493         55518         34072         10473         
0.700 3            0.999999        1.68493         78          5           8           17          4126241       4126241       0             0             6330723       6330723       0             3099605       600487        171888        78031         67811         60091         36960         11368         
0.700 3            0.999998        1.68592         79          5           8           17          4443247       4443247       0             0             6818879       6818879       0             3337787       646582        184975        83950         73074         64792         39830         12257         
0.700 3            0.999999        1.68653         79          5           8           17          4760897       4760897       0             0             7307284       7307284       0             3576332       693221        198201        89839         78057         69367         42652         13228         
0.700 3            0.999998        1.68604         79          5           8           17          5078254       5078254       0             0             7793012       7793012       0             3814748       739596        211270        95700         83301         73853         45565         14221         
0.700 3            0.999998        1.68572         79          5           8           17          5395106       5395106       0             0             8280267       8280267       0             4052317       786095        224393        101760        88542         78476         48404         15119         
0.700 3            0.999999        1.68529         79          5           8           17          5712683       5712683       0             0             8765279       8765279       0             4290578       832668        237754        107777        93669         83091         51143         16003         
0.700 3            0.999999        1.68444         79          5           8           17          6030572       6030572       0             0             9250129       9250129       0             4529676       878718        250914        113832        98763         87887         53871         16911         
0.700 3            0.999999        1.68448         79          5           8           17          6348912       6348912       0             0             9735274       9735274       0             4768891       925386        264012        119788        103937        92486         56636         17776         
0.700 3            0.999998        1.6845          79          5           8           17          6665726       6665726       0             0             10222712      10222712      0             5006494       971547        277473        125763        109069        97172         59564         18644         
0.700 3            0.999999        1.6837          79          5           8           17          6983437       6983437       0             0             10707954      10707954      0             5245212       1017938       290692        131695        114141        101789        62431         19539         
0.700 3            0.999999        1.68361         79          5           8           17          7299946       7299946       0             0             11195442      11195442      0             5482712       1064013       303846        137713        119428        106429        65386         20419         
0.700 3            0.999999        1.68401         79          5           8           17          7617092       7617092       0             0             11682654      11682654      0             5720836       1110338       316933        143616        124707        111082        68274         21306         
0.700 3            0.999999        1.68407         79          5           8           17          7933763       7933763       0             0             12169775      12169775      0             5958032       1156721       330400        149697        129899        115695        71183         22136         
0.700 3            0.999999        1.68454         79          5           8           17          8251257       8251257       0             0             12657876      12657876      0             6196634       1202791       343707        155753        135040        120245        74059         23028         
0.700 3            0.999999        1.68545         79          5           8           17          8569441       8569441       0             0             13147182      13147182      0             6435698       1249374       356923        161817        140108        124719        76857         23945         
0.700 3            0.999999        1.68607         79          5           8           17          8886810       8886810       0             0             13636438      13636438      0             6673829       1295823       370207        167776        145378        129258        79678         24861         
0.700 3            0.999999        1.68556         79          5           8           17          9204317       9204317       0             0             14120759      14120759      0             6912207       1342209       383495        173732        150627        133845        82475         25727         
0.700 3            0.999999        1.68496         79          5           8           17          9522217       9522217       0             0             14606207      14606207      0             7151181       1388514       396661        179813        155717        138422        85281         26628         
0.700 3            0.999999        1.68552         79          5           8           17          9839087       9839087       0             0             15095986      15095986      0             7388902       1434706       409931        185898        160935        143033        88164         27518         
0.700 3            0.999999        1.68597         79          5           8           17          10156575      10156575      0             0             15584939      15584939      0             7627150       1481184       423214        191830        166119        147753        90945         28380         
       Value   Percentile   TotalCount 1/(1-Percentile)

       1.000     0.000000      5463688         1.00
       1.000     0.100000      5463688         1.11
       1.000     0.200000      5463688         1.25
       1.000     0.300000      5463688         1.43
       1.000     0.400000      5463688         1.67
       1.000     0.500000      5463688         2.00
       2.000     0.550000      7829293         2.22
       2.000     0.600000      7829293         2.50
       2.000     0.650000      7829293         2.86
       2.000     0.700000      7829293         3.33
       3.000     0.750000      8846746         4.00
       3.000     0.775000      8846746         4.44
       3.000     0.800000      8846746         5.00
       4.000     0.825000      9347076         5.71
       4.000     0.850000      9347076         6.67
       5.000     0.875000      9639999         8.00
       5.000     0.887500      9639999         8.89
       6.000     0.900000      9840310        10.00
       6.000     0.912500      9840310        11.43
       7.000     0.925000      9993443        13.33
       8.000     0.937500     10117557        16.00
       9.000     0.943750     10221023        17.78
       9.000     0.950000     10221023        20.00
      10.000     0.956250     10308446        22.86
      11.000     0.962500     10381351        26.67
      12.000     0.968750     10442752        32.00
      13.000     0.971875     10493810        35.56
      13.000     0.975000     10493810        40.00
      14.000     0.978125     10536322        45.71
      15.000     0.981250     10572364        53.33
      16.000     0.984375     10602155        64.00
      16.000     0.985938     10602155        71.11
      17.000     0.987500     10626903        80.00
      18.000     0.989062     10647808        91.43
      19.000     0.990625     10665063       106.67
      20.000     0.992188     10679647       128.00
      20.000     0.992969     10679647       142.22
      21.000     0.993750     10691755       160.00
      22.000     0.994531     10701770       182.86
      22.000     0.995313     10701770       213.33
      23.000     0.996094     10710193       256.00
      24.000     0.996484     10717070       284.44
      25.000     0.996875     10722849       320.00
      25.000     0.997266     10722849       365.71
      26.000     0.997656     10727694       426.67
      27.000     0.998047     10731691       512.00
      28.000     0.998242     10734998       568.89
      28.000     0.998437     10734998       640.00
      29.000     0.998633     10737774       731.43
      30.000     0.998828     10740064       853.33
      31.000     0.999023     10741974      1024.00
      31.000     0.999121     10741974      1137.78
      32.000     0.999219     10743600      1280.00
      33.000     0.999316     10744871      1462.86
      34.000     0.999414     10745949      1706.67
      35.000     0.999512     10746831      2048.00
      35.000     0.999561     10746831      2275.56
      36.000     0.999609     10747611      2560.00
      37.000     0.999658     10748251      2925.71
      37.000     0.999707     10748251      3413.33
      39.000     0.999756     10749206      4096.00
      39.000     0.999780     10749206      4551.11
      40.000     0.999805     10749560      5120.00
      40.000     0.999829     10749560      5851.43
      41.000     0.999854     10749877      6826.67
      42.000     0.999878     10750124      8192.00
      43.000     0.999890     10750347      9102.22
      43.000     0.999902     10750347     10240.00
      44.000     0.999915     10750518     11702.86
      45.000     0.999927     10750652     13653.33
      46.000     0.999939     10750768     16384.00
      47.000     0.999945     10750875     18204.44
      47.000     0.999951     10750875     20480.00
      48.000     0.999957     10750961     23405.71
      49.000     0.999963     10751047     27306.67
      50.000     0.999969     10751094     32768.00
      50.000     0.999973     10751094     36408.89
      51.000     0.999976     10751149     40960.00
      52.000     0.999979     10751180     46811.43
      53.000     0.999982     10751222     54613.33
      54.000     0.999985     10751244     65536.00
      54.000     0.999986     10751244     72817.78
      55.000     0.999988     10751265     81920.00
      56.000     0.999989     10751283     93622.86
      57.000     0.999991     10751295    109226.67
      58.000     0.999992     10751307    131072.00
      60.000     0.999993     10751331    145635.56
      60.000     0.999994     10751331    163840.00
      61.000     0.999995     10751339    187245.71
      62.000     0.999995     10751351    218453.33
      62.000     0.999996     10751351    262144.00
      63.000     0.999997     10751355    291271.11
      64.000     0.999997     10751363    327680.00
      64.000     0.999997     10751363    374491.43
      65.000     0.999998     10751367    436906.67
      67.000     0.999998     10751371    524288.00
      67.000     0.999998     10751371    582542.22
      69.000     0.999998     10751373    655360.00
      70.000     0.999999     10751376    748982.86
      71.000     0.999999     10751381    873813.33
      71.000     0.999999     10751381   1048576.00
      71.000     0.999999     10751381   1165084.44
      71.000     0.999999     10751381   1310720.00
      72.000     0.999999     10751382   1497965.71
      73.000     0.999999     10751383   1747626.67
      74.000     1.000000     10751385   2097152.00
      74.000     1.000000     10751385   2330168.89
      74.000     1.000000     10751385   2621440.00
      77.000     1.000000     10751386   2995931.43
      77.000     1.000000     10751386   3495253.33
      78.000     1.000000     10751387   4194304.00
      78.000     1.000000     10751387   4660337.78
      78.000     1.000000     10751387   5242880.00
      79.000     1.000000     10751388   5991862.86
      79.000     1.000000     10751388   6990506.67
      79.000     1.000000     10751388   8388608.00
      79.000     1.000000     10751388   9320675.55
      79.000     1.000000     10751388  10485760.00
      80.000     1.000000     10751389  11983725.71
      80.000     1.000000     10751389          inf
#[Mean    =        2.686, StdDeviation   =        3.456]
#[Max     =       80.000, Total count    =     10751389]
#[Buckets =           22, SubBuckets     =         2048]
