Get seed: 2207438467
{
    "abls": [],
    "frame_number": 5120000,
    "injection_name": "Bernoulli",
    "injection_option": 0,
    "loads": [
        0.7
    ],
    "logging_file": "../logging/default_logging.txt",
    "model_name": "",
    "model_option": 0,
    "name": "Simulator",
    "port_number": 16,
    "type": 0
}
{
    "VOQs": [
        [
            0,
            0,
            0,
            0,
            0,
            0,
            0,
            0,
            0,
            0,
            0,
            0,
            0,
            0,
            0,
            0
        ],
        [
            0,
            0,
            0,
            0,
            0,
            0,
            0,
            0,
            0,
            0,
            0,
            0,
            0,
            0,
            0,
            0
        ],
        [
            0,
            0,
            0,
            0,
            0,
            0,
            0,
            0,
            0,
            0,
            0,
            0,
            0,
            0,
            0,
            0
        ],
        [
            0,
            0,
            0,
            0,
            0,
            0,
            0,
            0,
            0,
            0,
            0,
            0,
            0,
            0,
            0,
            0
        ],
        [
            0,
            0,
            0,
            0,
            0,
            0,
            0,
            0,
            0,
            0,
            0,
            0,
            0,
            0,
            0,
            0
        ],
        [
            0,
            0,
            0,
            0,
            0,
            0,
            0,
            0,
            0,
            0,
            0,
            0,
            0,
            0,
            0,
            0
        ],
        [
            0,
            0,
            0,
            0,
            0,
            0,
            0,
            0,
            0,
            0,
            0,
            0,
            0,
            0,
            0,
            0
        ],
        [
            0,
            0,
            0,
            0,
            0,
            0,
            0,
            0,
            0,
            0,
            0,
            0,
            0,
            0,
            0,
            0
        ],
        [
            0,
            0,
            0,
            0,
            0,
            0,
            0,
            0,
            0,
            0,
            0,
            0,
            0,
            0,
            0,
            0
        ],
        [
            0,
            0,
            0,
            0,
            0,
            0,
            0,
            0,
            0,
            0,
            0,
            0,
            0,
            0,
            0,
            0
        ],
        [
            0,
            0,
            0,
            0,
            0,
            0,
            0,
            0,
            0,
            0,
            0,
            0,
            0,
            0,
            0,
            0
        ],
        [
            0,
            0,
            0,
            0,
            0,
            0,
            0,
            0,
            0,
            0,
            0,
            0,
            0,
            0,
            0,
            0
        ],
        [
            0,
            0,
            0,
            0,
            0,
            0,
            0,
            0,
            0,
            0,
            0,
            0,
            0,
            0,
            0,
            0
        ],
        [
            0,
            0,
            0,
            0,
            0,
            0,
            0,
            0,
            0,
            0,
            0,
            0,
            0,
            0,
            0,
            0
        ],
        [
            0,
            0,
            0,
            0,
            0,
            0,
            0,
            0,
            0,
            0,
            0,
            0,
            0,
            0,
            0,
            0
        ],
        [
            0,
            0,
            0,
            0,
            0,
            0,
            0,
            0,
            0,
            0,
            0,
            0,
            0,
            0,
            0,
            0
        ]
    ],
    "arrivals": [
        -1,
        -1,
        -1,
        -1,
        -1,
        -1,
        -1,
        -1,
        -1,
        -1,
        -1,
        -1,
        -1,
        -1,
        -1,
        -1
    ],
    "current_time": 0,
    "schedule": [
        0,
        1,
        2,
        3,
        4,
        5,
        6,
        7,
        8,
        9,
        10,
        11,
        12,
        13,
        14,
        15
    ]
}
{
    "arrivals": 0.0,
    "delay_counter": 0.0,
    "departures": 0.0,
    "max_delay": 0,
    "mean_delay": 0.0,
    "sum_delay": 0.0
}
       Value   Percentile   TotalCount 1/(1-Percentile)

       0.000     1.000000            0          inf
#[Mean    =         -nan, StdDeviation   =         -nan]
#[Max     =        0.000, Total count    =            0]
#[Buckets =           22, SubBuckets     =         2048]
#Load Traffic-Mode Throughput  Mean-Delay      Max-Delay   Mean-Delay-HDR  Max-Delay-HDR Delay-STD-HDR  P90-Delay   P95-Delay   P99-Delay   
0.70  0            0.9998      32.0968         454         32.0968         454           38.9416        86          113         169         
0.70  0            0.9999      32.0306         454         32.0306         454           38.8543        86          112         169         
0.70  0            0.9999      32.0048         454         32.0048         454           38.8091        86          112         169         
0.70  0            1.0000      32.0141         492         32.0141         492           38.8203        86          112         169         
0.70  0            1.0000      31.9756         492         31.9756         492           38.7656        85          112         169         
0.70  0            1.0000      31.9958         492         31.9958         492           38.7969        86          112         169         
0.70  0            1.0000      31.9895         492         31.9895         492           38.8001        86          112         169         
0.70  0            1.0000      31.9730         492         31.9730         492           38.7808        85          112         169         
0.70  0            1.0000      31.9737         492         31.9737         492           38.7788        85          112         169         
0.70  0            1.0000      31.9885         495         31.9885         495           38.7967        85          112         169         
0.70  0            1.0000      31.9745         495         31.9745         495           38.7762        85          112         169         
0.70  0            1.0000      31.9773         495         31.9773         495           38.7784        85          112         169         
0.70  0            1.0000      31.9822         495         31.9822         495           38.7861        85          112         169         
0.70  0            1.0000      31.9832         495         31.9832         495           38.7884        85          112         169         
0.70  0            1.0000      31.9832         495         31.9832         495           38.7916        85          112         169         
0.70  0            1.0000      31.9854         547         31.9854         547           38.7936        85          112         169         
0.70  0            1.0000      31.9911         547         31.9911         547           38.7984        86          112         169         
0.70  0            1.0000      31.9969         547         31.9969         547           38.8026        86          112         169         
0.70  0            1.0000      31.9904         547         31.9904         547           38.7974        86          112         169         
0.70  0            1.0000      31.9925         547         31.9925         547           38.7979        86          112         169         
0.70  0            1.0000      32.0010         552         32.0010         552           38.8088        86          112         169         
0.70  0            1.0000      32.0003         553         32.0003         553           38.8115        86          112         169         
0.70  0            1.0000      31.9909         553         31.9909         553           38.8042        86          112         169         
0.70  0            1.0000      31.9978         553         31.9978         553           38.8091        86          112         169         
0.70  0            1.0000      31.9984         553         31.9984         553           38.8089        86          112         169         
0.70  0            1.0000      31.9934         553         31.9934         553           38.8024        86          112         169         
0.70  0            1.0000      31.9954         553         31.9954         553           38.8072        86          112         169         
0.70  0            1.0000      31.9974         553         31.9974         553           38.8071        86          112         169         
0.70  0            1.0000      31.9986         553         31.9986         553           38.8096        86          112         169         
0.70  0            1.0000      32.0019         553         32.0019         553           38.8131        86          112         169         
0.70  0            1.0000      32.0034         553         32.0034         553           38.8160        86          112         169         
0.70  0            1.0000      32.0112         553         32.0112         553           38.8279        86          112         169         
       Value   Percentile   TotalCount 1/(1-Percentile)

       1.000     0.000000     10016992         1.00
       1.000     0.100000     10016992         1.11
       2.000     0.200000     12553677         1.25
       6.000     0.300000     17657921         1.43
      12.000     0.400000     23619976         1.67
      19.000     0.500000     29127272         2.00
      23.000     0.550000     31754952         2.22
      28.000     0.600000     34632839         2.50
      34.000     0.650000     37609145         2.86
      40.000     0.700000     40165868         3.33
      48.000     0.750000     43061283         4.00
      53.000     0.775000     44623466         4.44
      58.000     0.800000     46023873         5.00
      64.000     0.825000     47516164         5.71
      70.000     0.850000     48829777         6.67
      78.000     0.875000     50336351         8.00
      82.000     0.887500     50995774         8.89
      87.000     0.900000     51740555        10.00
      92.000     0.912500     52406885        11.43
      98.000     0.925000     53111627        13.33
     105.000     0.937500     53817783        16.00
     109.000     0.943750     54171304        17.78
     113.000     0.950000     54491658        20.00
     118.000     0.956250     54850887        22.86
     124.000     0.962500     55226343        26.67
     131.000     0.968750     55598620        32.00
     134.000     0.971875     55738734        35.56
     139.000     0.975000     55948629        40.00
     143.000     0.978125     56098431        45.71
     149.000     0.981250     56294826        53.33
     155.000     0.984375     56461610        64.00
     159.000     0.985938     56559182        71.11
     163.000     0.987500     56645972        80.00
     167.000     0.989062     56723645        91.43
     172.000     0.990625     56809427       106.67
     178.000     0.992188     56897066       128.00
     182.000     0.992969     56947669       142.22
     186.000     0.993750     56993130       160.00
     190.000     0.994531     57033492       182.86
     195.000     0.995313     57077542       213.33
     201.000     0.996094     57122689       256.00
     204.000     0.996484     57142509       284.44
     208.000     0.996875     57166120       320.00
     213.000     0.997266     57191812       365.71
     217.000     0.997656     57210007       426.67
     223.000     0.998047     57233329       512.00
     226.000     0.998242     57243384       568.89
     230.000     0.998437     57255517       640.00
     234.000     0.998633     57266106       731.43
     239.000     0.998828     57277665       853.33
     245.000     0.999023     57289212      1024.00
     248.000     0.999121     57294322      1137.78
     252.000     0.999219     57300478      1280.00
     256.000     0.999316     57305758      1462.86
     260.000     0.999414     57310536      1706.67
     266.000     0.999512     57316499      2048.00
     269.000     0.999561     57319170      2275.56
     273.000     0.999609     57322182      2560.00
     277.000     0.999658     57324913      2925.71
     281.000     0.999707     57327357      3413.33
     287.000     0.999756     57330366      4096.00
     290.000     0.999780     57331737      4551.11
     293.000     0.999805     57332914      5120.00
     297.000     0.999829     57334305      5851.43
     302.000     0.999854     57335862      6826.67
     307.000     0.999878     57337182      8192.00
     310.000     0.999890     57337854      9102.22
     314.000     0.999902     57338651     10240.00
     318.000     0.999915     57339314     11702.86
     322.000     0.999927     57339989     13653.33
     327.000     0.999939     57340637     16384.00
     330.000     0.999945     57340967     18204.44
     334.000     0.999951     57341367     20480.00
     337.000     0.999957     57341633     23405.71
     342.000     0.999963     57342011     27306.67
     347.000     0.999969     57342338     32768.00
     350.000     0.999973     57342514     36408.89
     353.000     0.999976     57342688     40960.00
     357.000     0.999979     57342867     46811.43
     362.000     0.999982     57343052     54613.33
     367.000     0.999985     57343217     65536.00
     370.000     0.999986     57343293     72817.78
     373.000     0.999988     57343377     81920.00
     377.000     0.999989     57343477     93622.86
     381.000     0.999991     57343560    109226.67
     386.000     0.999992     57343641    131072.00
     389.000     0.999993     57343690    145635.56
     393.000     0.999994     57343733    163840.00
     396.000     0.999995     57343771    187245.71
     401.000     0.999995     57343818    218453.33
     408.000     0.999996     57343866    262144.00
     411.000     0.999997     57343886    291271.11
     413.000     0.999997     57343904    327680.00
     417.000     0.999997     57343925    374491.43
     422.000     0.999998     57343946    436906.67
     428.000     0.999998     57343970    524288.00
     430.000     0.999998     57343979    582542.22
     434.000     0.999998     57343996    655360.00
     435.000     0.999999     57344001    748982.86
     440.000     0.999999     57344017    873813.33
     443.000     0.999999     57344023   1048576.00
     445.000     0.999999     57344028   1165084.44
     449.000     0.999999     57344034   1310720.00
     454.000     0.999999     57344040   1497965.71
     457.000     0.999999     57344045   1747626.67
     471.000     1.000000     57344050   2097152.00
     475.000     1.000000     57344053   2330168.89
     480.000     1.000000     57344056   2621440.00
     485.000     1.000000     57344059   2995931.43
     490.000     1.000000     57344061   3495253.33
     496.000     1.000000     57344065   4194304.00
     496.000     1.000000     57344065   4660337.78
     504.000     1.000000     57344067   5242880.00
     506.000     1.000000     57344068   5991862.86
     513.000     1.000000     57344069   6990506.67
     527.000     1.000000     57344071   8388608.00
     527.000     1.000000     57344071   9320675.55
     532.000     1.000000     57344072  10485760.00
     539.000     1.000000     57344073  11983725.71
     539.000     1.000000     57344073  13981013.34
     546.000     1.000000     57344074  16777216.00
     546.000     1.000000     57344074  18641351.10
     548.000     1.000000     57344075  20971519.98
     548.000     1.000000     57344075  23967451.45
     548.000     1.000000     57344075  27962026.68
     553.000     1.000000     57344076  33554432.00
     553.000     1.000000     57344076  37282702.28
     553.000     1.000000     57344076  41943039.96
     553.000     1.000000     57344076  47934902.91
     553.000     1.000000     57344076  55924053.19
     554.000     1.000000     57344077  67108864.00
     554.000     1.000000     57344077          inf
#[Mean    =       33.011, StdDeviation   =       38.828]
#[Max     =      554.000, Total count    =     57344077]
#[Buckets =           22, SubBuckets     =         2048]
reset:: start ...
reset:: A ...
reset:: Q ...
reset:: B ...
reset:: S ...
reset:: instruments ...
reset histogram ...
{
    "abls": [],
    "frame_number": 5120000,
    "injection_name": "Bernoulli",
    "injection_option": 0,
    "loads": [
        0.7
    ],
    "logging_file": "../logging/default_logging.txt",
    "model_name": "",
    "model_option": 1,
    "name": "Simulator",
    "port_number": 16,
    "type": 0
}
{
    "VOQs": [
        [
            0,
            0,
            0,
            0,
            0,
            0,
            0,
            0,
            0,
            0,
            0,
            0,
            0,
            0,
            0,
            0
        ],
        [
            0,
            0,
            0,
            0,
            0,
            0,
            0,
            0,
            0,
            0,
            0,
            0,
            0,
            0,
            0,
            0
        ],
        [
            0,
            0,
            0,
            0,
            0,
            0,
            0,
            0,
            0,
            0,
            0,
            0,
            0,
            0,
            0,
            0
        ],
        [
            0,
            0,
            0,
            0,
            0,
            0,
            0,
            0,
            0,
            0,
            0,
            0,
            0,
            0,
            0,
            0
        ],
        [
            0,
            0,
            0,
            0,
            0,
            0,
            0,
            0,
            0,
            0,
            0,
            0,
            0,
            0,
            0,
            0
        ],
        [
            0,
            0,
            0,
            0,
            0,
            0,
            0,
            0,
            0,
            0,
            0,
            0,
            0,
            0,
            0,
            0
        ],
        [
            0,
            0,
            0,
            0,
            0,
            0,
            0,
            0,
            0,
            0,
            0,
            0,
            0,
            0,
            0,
            0
        ],
        [
            0,
            0,
            0,
            0,
            0,
            0,
            0,
            0,
            0,
            0,
            0,
            0,
            0,
            0,
            0,
            0
        ],
        [
            0,
            0,
            0,
            0,
            0,
            0,
            0,
            0,
            0,
            0,
            0,
            0,
            0,
            0,
            0,
            0
        ],
        [
            0,
            0,
            0,
            0,
            0,
            0,
            0,
            0,
            0,
            0,
            0,
            0,
            0,
            0,
            0,
            0
        ],
        [
            0,
            0,
            0,
            0,
            0,
            0,
            0,
            0,
            0,
            0,
            0,
            0,
            0,
            0,
            0,
            0
        ],
        [
            0,
            0,
            0,
            0,
            0,
            0,
            0,
            0,
            0,
            0,
            0,
            0,
            0,
            0,
            0,
            0
        ],
        [
            0,
            0,
            0,
            0,
            0,
            0,
            0,
            0,
            0,
            0,
            0,
            0,
            0,
            0,
            0,
            0
        ],
        [
            0,
            0,
            0,
            0,
            0,
            0,
            0,
            0,
            0,
            0,
            0,
            0,
            0,
            0,
            0,
            0
        ],
        [
            0,
            0,
            0,
            0,
            0,
            0,
            0,
            0,
            0,
            0,
            0,
            0,
            0,
            0,
            0,
            0
        ],
        [
            0,
            0,
            0,
            0,
            0,
            0,
            0,
            0,
            0,
            0,
            0,
            0,
            0,
            0,
            0,
            0
        ]
    ],
    "arrivals": [
        -1,
        -1,
        -1,
        -1,
        -1,
        -1,
        -1,
        -1,
        -1,
        -1,
        -1,
        -1,
        -1,
        -1,
        -1,
        -1
    ],
    "current_time": 5119999,
    "schedule": [
        0,
        1,
        2,
        3,
        4,
        5,
        6,
        7,
        8,
        9,
        10,
        11,
        12,
        13,
        14,
        15
    ]
}
{
    "arrivals": 0.0,
    "delay_counter": 0.0,
    "departures": 0.0,
    "max_delay": 0,
    "mean_delay": 0.0,
    "sum_delay": 0.0
}
       Value   Percentile   TotalCount 1/(1-Percentile)

       0.000     1.000000            0          inf
#[Mean    =         -nan, StdDeviation   =         -nan]
#[Max     =        0.000, Total count    =            0]
#[Buckets =           22, SubBuckets     =         2048]
#Load Traffic-Mode Throughput  Mean-Delay      Max-Delay   Mean-Delay-HDR  Max-Delay-HDR Delay-STD-HDR  P90-Delay   P95-Delay   P99-Delay   
0.70  1            1.0000      6.4761          463         6.4761          463           16.0377        15          31          84          
0.70  1            1.0000      6.4720          463         6.4720          463           16.0168        15          31          84          
0.70  1            1.0000      6.4681          463         6.4681          463           15.9804        15          31          84          
0.70  1            1.0000      6.4709          463         6.4709          463           15.9920        15          31          84          
0.70  1            1.0000      6.4696          463         6.4696          463           15.9909        15          31          84          
0.70  1            1.0000      6.4631          463         6.4631          463           15.9899        15          31          84          
0.70  1            1.0000      6.4688          463         6.4688          463           16.0215        15          31          84          
0.70  1            1.0000      6.4674          463         6.4674          463           16.0199        15          31          84          
0.70  1            1.0000      6.4662          463         6.4662          463           16.0182        15          31          84          
0.70  1            1.0000      6.4666          463         6.4666          463           16.0172        15          31          84          
0.70  1            1.0000      6.4637          463         6.4637          463           16.0061        15          31          84          
0.70  1            1.0000      6.4645          463         6.4645          463           16.0040        15          31          84          
0.70  1            1.0000      6.4648          463         6.4648          463           16.0078        15          31          84          
0.70  1            1.0000      6.4662          463         6.4662          463           16.0123        15          31          84          
0.70  1            1.0000      6.4651          463         6.4651          463           16.0151        15          31          84          
0.70  1            1.0000      6.4638          463         6.4638          463           16.0142        15          31          84          
0.70  1            1.0000      6.4652          463         6.4652          463           16.0179        15          31          84          
0.70  1            1.0000      6.4658          463         6.4658          463           16.0157        15          31          84          
0.70  1            1.0000      6.4657          463         6.4657          463           16.0147        15          31          84          
0.70  1            1.0000      6.4642          463         6.4642          463           16.0123        15          31          84          
0.70  1            1.0000      6.4630          463         6.4630          463           16.0061        15          31          84          
0.70  1            1.0000      6.4627          463         6.4627          463           16.0051        15          31          84          
0.70  1            1.0000      6.4633          463         6.4633          463           16.0093        15          31          84          
0.70  1            1.0000      6.4625          463         6.4625          463           16.0058        15          31          84          
0.70  1            1.0000      6.4610          463         6.4610          463           16.0018        15          31          84          
0.70  1            1.0000      6.4602          463         6.4602          463           16.0003        15          31          84          
0.70  1            1.0000      6.4605          463         6.4605          463           16.0039        15          31          84          
0.70  1            1.0000      6.4607          463         6.4607          463           16.0043        15          31          84          
0.70  1            1.0000      6.4616          463         6.4616          463           16.0091        15          31          84          
0.70  1            1.0000      6.4609          463         6.4609          463           16.0076        15          31          84          
0.70  1            1.0000      6.4615          463         6.4615          463           16.0084        15          31          84          
0.70  1            1.0000      6.4607          463         6.4607          463           16.0061        15          31          84          
       Value   Percentile   TotalCount 1/(1-Percentile)

       1.000     0.000000     19262173         1.00
       1.000     0.100000     19262173         1.11
       1.000     0.200000     19262173         1.25
       1.000     0.300000     19262173         1.43
       2.000     0.400000     27904387         1.67
       3.000     0.500000     33882444         2.00
       3.000     0.550000     33882444         2.22
       4.000     0.600000     38308171         2.50
       4.000     0.650000     38308171         2.86
       5.000     0.700000     41581981         3.33
       6.000     0.750000     43998131         4.00
       7.000     0.775000     45793814         4.44
       8.000     0.800000     47145458         5.00
       9.000     0.825000     48185057         5.71
      10.000     0.850000     49003950         6.67
      12.000     0.875000     50215163         8.00
      14.000     0.887500     51081704         8.89
      16.000     0.900000     51747303        10.00
      19.000     0.912500     52524193        11.43
      22.000     0.925000     53131477        13.33
      26.000     0.937500     53771846        16.00
      29.000     0.943750     54163129        17.78
      32.000     0.950000     54496115        20.00
      36.000     0.956250     54869835        22.86
      41.000     0.962500     55250664        26.67
      46.000     0.968750     55560105        32.00
      50.000     0.971875     55768267        35.56
      54.000     0.975000     55947905        40.00
      58.000     0.978125     56104508        45.71
      63.000     0.981250     56273146        53.33
      69.000     0.984375     56444306        64.00
      73.000     0.985938     56542052        71.11
      77.000     0.987500     56628380        80.00
      82.000     0.989062     56722757        91.43
      87.000     0.990625     56803994       106.67
      94.000     0.992188     56900473       128.00
      97.000     0.992969     56936500       142.22
     102.000     0.993750     56989939       160.00
     106.000     0.994531     57027418       182.86
     112.000     0.995313     57077000       213.33
     118.000     0.996094     57118703       256.00
     122.000     0.996484     57143006       284.44
     126.000     0.996875     57164299       320.00
     130.000     0.997266     57183747       365.71
     136.000     0.997656     57208705       426.67
     142.000     0.998047     57230127       512.00
     145.000     0.998242     57239555       568.89
     149.000     0.998437     57250885       640.00
     154.000     0.998633     57263343       731.43
     159.000     0.998828     57274016       853.33
     164.000     0.999023     57283425      1024.00
     168.000     0.999121     57289850      1137.78
     172.000     0.999219     57295601      1280.00
     176.000     0.999316     57300721      1462.86
     181.000     0.999414     57306246      1706.67
     187.000     0.999512     57311963      2048.00
     190.000     0.999561     57314445      2275.56
     194.000     0.999609     57317393      2560.00
     198.000     0.999658     57320070      2925.71
     203.000     0.999707     57322967      3413.33
     209.000     0.999756     57325785      4096.00
     212.000     0.999780     57327000      4551.11
     216.000     0.999805     57328538      5120.00
     220.000     0.999829     57329909      5851.43
     224.000     0.999854     57331067      6826.67
     230.000     0.999878     57332553      8192.00
     233.000     0.999890     57333178      9102.22
     237.000     0.999902     57333963     10240.00
     240.000     0.999915     57334524     11702.86
     245.000     0.999927     57335255     13653.33
     251.000     0.999939     57336000     16384.00
     254.000     0.999945     57336319     18204.44
     257.000     0.999951     57336624     20480.00
     261.000     0.999957     57336986     23405.71
     266.000     0.999963     57337370     27306.67
     271.000     0.999969     57337676     32768.00
     274.000     0.999973     57337872     36408.89
     277.000     0.999976     57338031     40960.00
     281.000     0.999979     57338198     46811.43
     286.000     0.999982     57338392     54613.33
     290.000     0.999985     57338546     65536.00
     293.000     0.999986     57338640     72817.78
     296.000     0.999988     57338714     81920.00
     300.000     0.999989     57338796     93622.86
     304.000     0.999991     57338890    109226.67
     309.000     0.999992     57338980    131072.00
     312.000     0.999993     57339017    145635.56
     315.000     0.999994     57339070    163840.00
     318.000     0.999995     57339103    187245.71
     323.000     0.999995     57339153    218453.33
     328.000     0.999996     57339191    262144.00
     332.000     0.999997     57339218    291271.11
     336.000     0.999997     57339238    327680.00
     338.000     0.999997     57339254    374491.43
     342.000     0.999998     57339277    436906.67
     347.000     0.999998     57339298    524288.00
     349.000     0.999998     57339309    582542.22
     351.000     0.999998     57339322    655360.00
     355.000     0.999999     57339332    748982.86
     358.000     0.999999     57339342    873813.33
     363.000     0.999999     57339355   1048576.00
     364.000     0.999999     57339359   1165084.44
     367.000     0.999999     57339363   1310720.00
     372.000     0.999999     57339369   1497965.71
     375.000     0.999999     57339374   1747626.67
     381.000     1.000000     57339380   2097152.00
     384.000     1.000000     57339382   2330168.89
     392.000     1.000000     57339385   2621440.00
     401.000     1.000000     57339387   2995931.43
     404.000     1.000000     57339390   3495253.33
     409.000     1.000000     57339393   4194304.00
     410.000     1.000000     57339394   4660337.78
     414.000     1.000000     57339397   5242880.00
     414.000     1.000000     57339397   5991862.86
     419.000     1.000000     57339399   6990506.67
     436.000     1.000000     57339400   8388608.00
     436.000     1.000000     57339400   9320675.55
     443.000     1.000000     57339401  10485760.00
     444.000     1.000000     57339402  11983725.71
     444.000     1.000000     57339402  13981013.34
     452.000     1.000000     57339403  16777216.00
     452.000     1.000000     57339403  18641351.10
     458.000     1.000000     57339404  20971519.98
     458.000     1.000000     57339404  23967451.45
     458.000     1.000000     57339404  27962026.68
     464.000     1.000000     57339406  33554432.00
     464.000     1.000000     57339406          inf
#[Mean    =        7.461, StdDeviation   =       16.006]
#[Max     =      464.000, Total count    =     57339406]
#[Buckets =           22, SubBuckets     =         2048]
reset:: start ...
reset:: A ...
reset:: Q ...
reset:: B ...
reset:: S ...
reset:: instruments ...
reset histogram ...
{
    "abls": [],
    "frame_number": 5120000,
    "injection_name": "Bernoulli",
    "injection_option": 0,
    "loads": [
        0.7
    ],
    "logging_file": "../logging/default_logging.txt",
    "model_name": "",
    "model_option": 2,
    "name": "Simulator",
    "port_number": 16,
    "type": 0
}
{
    "VOQs": [
        [
            0,
            0,
            0,
            0,
            0,
            0,
            0,
            0,
            0,
            0,
            0,
            0,
            0,
            0,
            0,
            0
        ],
        [
            0,
            0,
            0,
            0,
            0,
            0,
            0,
            0,
            0,
            0,
            0,
            0,
            0,
            0,
            0,
            0
        ],
        [
            0,
            0,
            0,
            0,
            0,
            0,
            0,
            0,
            0,
            0,
            0,
            0,
            0,
            0,
            0,
            0
        ],
        [
            0,
            0,
            0,
            0,
            0,
            0,
            0,
            0,
            0,
            0,
            0,
            0,
            0,
            0,
            0,
            0
        ],
        [
            0,
            0,
            0,
            0,
            0,
            0,
            0,
            0,
            0,
            0,
            0,
            0,
            0,
            0,
            0,
            0
        ],
        [
            0,
            0,
            0,
            0,
            0,
            0,
            0,
            0,
            0,
            0,
            0,
            0,
            0,
            0,
            0,
            0
        ],
        [
            0,
            0,
            0,
            0,
            0,
            0,
            0,
            0,
            0,
            0,
            0,
            0,
            0,
            0,
            0,
            0
        ],
        [
            0,
            0,
            0,
            0,
            0,
            0,
            0,
            0,
            0,
            0,
            0,
            0,
            0,
            0,
            0,
            0
        ],
        [
            0,
            0,
            0,
            0,
            0,
            0,
            0,
            0,
            0,
            0,
            0,
            0,
            0,
            0,
            0,
            0
        ],
        [
            0,
            0,
            0,
            0,
            0,
            0,
            0,
            0,
            0,
            0,
            0,
            0,
            0,
            0,
            0,
            0
        ],
        [
            0,
            0,
            0,
            0,
            0,
            0,
            0,
            0,
            0,
            0,
            0,
            0,
            0,
            0,
            0,
            0
        ],
        [
            0,
            0,
            0,
            0,
            0,
            0,
            0,
            0,
            0,
            0,
            0,
            0,
            0,
            0,
            0,
            0
        ],
        [
            0,
            0,
            0,
            0,
            0,
            0,
            0,
            0,
            0,
            0,
            0,
            0,
            0,
            0,
            0,
            0
        ],
        [
            0,
            0,
            0,
            0,
            0,
            0,
            0,
            0,
            0,
            0,
            0,
            0,
            0,
            0,
            0,
            0
        ],
        [
            0,
            0,
            0,
            0,
            0,
            0,
            0,
            0,
            0,
            0,
            0,
            0,
            0,
            0,
            0,
            0
        ],
        [
            0,
            0,
            0,
            0,
            0,
            0,
            0,
            0,
            0,
            0,
            0,
            0,
            0,
            0,
            0,
            0
        ]
    ],
    "arrivals": [
        -1,
        -1,
        -1,
        -1,
        -1,
        -1,
        -1,
        -1,
        -1,
        -1,
        -1,
        -1,
        -1,
        -1,
        -1,
        -1
    ],
    "current_time": 5119999,
    "schedule": [
        0,
        1,
        2,
        3,
        4,
        5,
        6,
        7,
        8,
        9,
        10,
        11,
        12,
        13,
        14,
        15
    ]
}
{
    "arrivals": 0.0,
    "delay_counter": 0.0,
    "departures": 0.0,
    "max_delay": 0,
    "mean_delay": 0.0,
    "sum_delay": 0.0
}
       Value   Percentile   TotalCount 1/(1-Percentile)

       0.000     1.000000            0          inf
#[Mean    =         -nan, StdDeviation   =         -nan]
#[Max     =        0.000, Total count    =            0]
#[Buckets =           22, SubBuckets     =         2048]
#Load Traffic-Mode Throughput  Mean-Delay      Max-Delay   Mean-Delay-HDR  Max-Delay-HDR Delay-STD-HDR  P90-Delay   P95-Delay   P99-Delay   
0.70  2            0.9999      15.1257         408         15.1257         408           26.7365        49          73          124         
0.70  2            1.0000      15.1163         408         15.1163         408           26.7620        49          73          124         
0.70  2            1.0000      15.0909         408         15.0909         408           26.7555        49          73          124         
0.70  2            1.0000      15.0890         408         15.0890         408           26.7523        49          73          124         
0.70  2            1.0000      15.0934         408         15.0934         408           26.7524        49          73          124         
0.70  2            1.0000      15.1103         408         15.1103         408           26.7895        49          73          124         
0.70  2            1.0000      15.1151         408         15.1151         408           26.8008        49          73          124         
0.70  2            1.0000      15.1256         408         15.1256         408           26.8065        49          73          124         
0.70  2            1.0000      15.1275         408         15.1275         408           26.8073        49          73          124         
0.70  2            1.0000      15.1329         469         15.1329         469           26.8204        49          73          124         
0.70  2            1.0000      15.1298         469         15.1298         469           26.8186        49          73          124         
0.70  2            1.0000      15.1300         469         15.1300         469           26.8230        49          73          124         
0.70  2            1.0000      15.1338         469         15.1338         469           26.8307        49          73          125         
0.70  2            1.0000      15.1349         469         15.1349         469           26.8309        49          73          125         
0.70  2            1.0000      15.1328         469         15.1328         469           26.8306        49          73          125         
0.70  2            1.0000      15.1330         469         15.1330         469           26.8290        49          73          125         
0.70  2            1.0000      15.1324         469         15.1324         469           26.8302        49          73          125         
0.70  2            1.0000      15.1357         469         15.1357         469           26.8316        49          73          125         
0.70  2            1.0000      15.1375         469         15.1375         469           26.8393        49          73          125         
0.70  2            1.0000      15.1360         469         15.1360         469           26.8382        49          73          125         
0.70  2            1.0000      15.1360         469         15.1360         469           26.8405        49          73          125         
0.70  2            1.0000      15.1358         469         15.1358         469           26.8406        49          73          125         
0.70  2            1.0000      15.1365         469         15.1365         469           26.8427        49          73          125         
0.70  2            1.0000      15.1343         469         15.1343         469           26.8410        49          73          125         
0.70  2            1.0000      15.1369         469         15.1369         469           26.8401        49          73          125         
0.70  2            1.0000      15.1364         469         15.1364         469           26.8402        49          73          125         
0.70  2            1.0000      15.1347         469         15.1347         469           26.8379        49          73          125         
0.70  2            1.0000      15.1368         469         15.1368         469           26.8411        49          73          125         
0.70  2            1.0000      15.1373         469         15.1373         469           26.8415        49          73          125         
0.70  2            1.0000      15.1396         469         15.1396         469           26.8471        49          73          125         
0.70  2            1.0000      15.1403         469         15.1403         469           26.8470        49          73          125         
0.70  2            1.0000      15.1415         469         15.1415         469           26.8498        49          73          125         
       Value   Percentile   TotalCount 1/(1-Percentile)

       1.000     0.000000     14436661         1.00
       1.000     0.100000     14436661         1.11
       1.000     0.200000     14436661         1.25
       2.000     0.300000     20948238         1.43
       3.000     0.400000     25709398         1.67
       4.000     0.500000     29383888         2.00
       5.000     0.550000     32202689         2.22
       7.000     0.600000     36003549         2.50
       8.000     0.650000     37287177         2.86
      12.000     0.700000     40472904         3.33
      18.000     0.750000     43306328         4.00
      21.000     0.775000     44459077         4.44
      26.000     0.800000     46155728         5.00
      30.000     0.825000     47345292         5.71
      36.000     0.850000     48896868         6.67
      42.000     0.875000     50211415         8.00
      46.000     0.887500     50974672         8.89
      50.000     0.900000     51660282        10.00
      55.000     0.912500     52418435        11.43
      60.000     0.925000     53080862        13.33
      66.000     0.937500     53765620        16.00
      70.000     0.943750     54163735        17.78
      74.000     0.950000     54519755        20.00
      79.000     0.956250     54911807        22.86
      84.000     0.962500     55252550        26.67
      90.000     0.968750     55604204        32.00
      93.000     0.971875     55758397        35.56
      97.000     0.975000     55943715        40.00
     101.000     0.978125     56107705        45.71
     106.000     0.981250     56287236        53.33
     112.000     0.984375     56470608        64.00
     115.000     0.985938     56550282        71.11
     119.000     0.987500     56646027        80.00
     123.000     0.989062     56731391        91.43
     128.000     0.990625     56823765       106.67
     133.000     0.992188     56902714       128.00
     136.000     0.992969     56944181       142.22
     140.000     0.993750     56994054       160.00
     144.000     0.994531     57038054       182.86
     149.000     0.995313     57085916       213.33
     154.000     0.996094     57125976       256.00
     157.000     0.996484     57147437       284.44
     161.000     0.996875     57172959       320.00
     165.000     0.997266     57195166       365.71
     169.000     0.997656     57214321       426.67
     174.000     0.998047     57235105       512.00
     178.000     0.998242     57249432       568.89
     181.000     0.998437     57258959       640.00
     185.000     0.998633     57270334       731.43
     189.000     0.998828     57280378       853.33
     194.000     0.999023     57291149      1024.00
     197.000     0.999121     57296716      1137.78
     201.000     0.999219     57303368      1280.00
     205.000     0.999316     57309090      1462.86
     209.000     0.999414     57314025      1706.67
     214.000     0.999512     57319371      2048.00
     217.000     0.999561     57322165      2275.56
     221.000     0.999609     57325482      2560.00
     224.000     0.999658     57327686      2925.71
     228.000     0.999707     57330348      3413.33
     233.000     0.999756     57333156      4096.00
     236.000     0.999780     57334573      4551.11
     240.000     0.999805     57336271      5120.00
     243.000     0.999829     57337395      5851.43
     247.000     0.999854     57338713      6826.67
     252.000     0.999878     57340148      8192.00
     255.000     0.999890     57340886      9102.22
     258.000     0.999902     57341523     10240.00
     262.000     0.999915     57342271     11702.86
     266.000     0.999927     57342925     13653.33
     271.000     0.999939     57343605     16384.00
     274.000     0.999945     57343958     18204.44
     278.000     0.999951     57344394     20480.00
     281.000     0.999957     57344660     23405.71
     285.000     0.999963     57345019     27306.67
     290.000     0.999969     57345361     32768.00
     293.000     0.999973     57345545     36408.89
     296.000     0.999976     57345723     40960.00
     299.000     0.999979     57345888     46811.43
     303.000     0.999982     57346058     54613.33
     309.000     0.999985     57346249     65536.00
     312.000     0.999986     57346333     72817.78
     315.000     0.999988     57346407     81920.00
     319.000     0.999989     57346500     93622.86
     322.000     0.999991     57346576    109226.67
     326.000     0.999992     57346665    131072.00
     329.000     0.999993     57346708    145635.56
     333.000     0.999994     57346756    163840.00
     336.000     0.999995     57346790    187245.71
     341.000     0.999995     57346845    218453.33
     346.000     0.999996     57346882    262144.00
     349.000     0.999997     57346903    291271.11
     351.000     0.999997     57346924    327680.00
     354.000     0.999997     57346943    374491.43
     359.000     0.999998     57346968    436906.67
     363.000     0.999998     57346991    524288.00
     366.000     0.999998     57346999    582542.22
     368.000     0.999998     57347011    655360.00
     370.000     0.999999     57347022    748982.86
     373.000     0.999999     57347033    873813.33
     377.000     0.999999     57347042   1048576.00
     381.000     0.999999     57347050   1165084.44
     384.000     0.999999     57347054   1310720.00
     387.000     0.999999     57347060   1497965.71
     391.000     0.999999     57347064   1747626.67
     395.000     1.000000     57347070   2097152.00
     397.000     1.000000     57347073   2330168.89
     398.000     1.000000     57347075   2621440.00
     400.000     1.000000     57347078   2995931.43
     404.000     1.000000     57347080   3495253.33
     408.000     1.000000     57347085   4194304.00
     408.000     1.000000     57347085   4660337.78
     409.000     1.000000     57347087   5242880.00
     409.000     1.000000     57347087   5991862.86
     420.000     1.000000     57347088   6990506.67
     424.000     1.000000     57347090   8388608.00
     424.000     1.000000     57347090   9320675.55
     427.000     1.000000     57347091  10485760.00
     430.000     1.000000     57347092  11983725.71
     430.000     1.000000     57347092  13981013.34
     431.000     1.000000     57347093  16777216.00
     431.000     1.000000     57347093  18641351.10
     444.000     1.000000     57347094  20971519.98
     444.000     1.000000     57347094  23967451.45
     444.000     1.000000     57347094  27962026.68
     466.000     1.000000     57347095  33554432.00
     466.000     1.000000     57347095  37282702.28
     466.000     1.000000     57347095  41943039.96
     466.000     1.000000     57347095  47934902.91
     466.000     1.000000     57347095  55924053.19
     470.000     1.000000     57347096  67108864.00
     470.000     1.000000     57347096          inf
#[Mean    =       16.141, StdDeviation   =       26.850]
#[Max     =      470.000, Total count    =     57347096]
#[Buckets =           22, SubBuckets     =         2048]
reset:: start ...
reset:: A ...
reset:: Q ...
reset:: B ...
reset:: S ...
reset:: instruments ...
reset histogram ...
{
    "abls": [],
    "frame_number": 5120000,
    "injection_name": "Bernoulli",
    "injection_option": 0,
    "loads": [
        0.7
    ],
    "logging_file": "../logging/default_logging.txt",
    "model_name": "",
    "model_option": 3,
    "name": "Simulator",
    "port_number": 16,
    "type": 0
}
{
    "VOQs": [
        [
            0,
            0,
            0,
            0,
            0,
            0,
            0,
            0,
            0,
            0,
            0,
            0,
            0,
            0,
            0,
            0
        ],
        [
            0,
            0,
            0,
            0,
            0,
            0,
            0,
            0,
            0,
            0,
            0,
            0,
            0,
            0,
            0,
            0
        ],
        [
            0,
            0,
            0,
            0,
            0,
            0,
            0,
            0,
            0,
            0,
            0,
            0,
            0,
            0,
            0,
            0
        ],
        [
            0,
            0,
            0,
            0,
            0,
            0,
            0,
            0,
            0,
            0,
            0,
            0,
            0,
            0,
            0,
            0
        ],
        [
            0,
            0,
            0,
            0,
            0,
            0,
            0,
            0,
            0,
            0,
            0,
            0,
            0,
            0,
            0,
            0
        ],
        [
            0,
            0,
            0,
            0,
            0,
            0,
            0,
            0,
            0,
            0,
            0,
            0,
            0,
            0,
            0,
            0
        ],
        [
            0,
            0,
            0,
            0,
            0,
            0,
            0,
            0,
            0,
            0,
            0,
            0,
            0,
            0,
            0,
            0
        ],
        [
            0,
            0,
            0,
            0,
            0,
            0,
            0,
            0,
            0,
            0,
            0,
            0,
            0,
            0,
            0,
            0
        ],
        [
            0,
            0,
            0,
            0,
            0,
            0,
            0,
            0,
            0,
            0,
            0,
            0,
            0,
            0,
            0,
            0
        ],
        [
            0,
            0,
            0,
            0,
            0,
            0,
            0,
            0,
            0,
            0,
            0,
            0,
            0,
            0,
            0,
            0
        ],
        [
            0,
            0,
            0,
            0,
            0,
            0,
            0,
            0,
            0,
            0,
            0,
            0,
            0,
            0,
            0,
            0
        ],
        [
            0,
            0,
            0,
            0,
            0,
            0,
            0,
            0,
            0,
            0,
            0,
            0,
            0,
            0,
            0,
            0
        ],
        [
            0,
            0,
            0,
            0,
            0,
            0,
            0,
            0,
            0,
            0,
            0,
            0,
            0,
            0,
            0,
            0
        ],
        [
            0,
            0,
            0,
            0,
            0,
            0,
            0,
            0,
            0,
            0,
            0,
            0,
            0,
            0,
            0,
            0
        ],
        [
            0,
            0,
            0,
            0,
            0,
            0,
            0,
            0,
            0,
            0,
            0,
            0,
            0,
            0,
            0,
            0
        ],
        [
            0,
            0,
            0,
            0,
            0,
            0,
            0,
            0,
            0,
            0,
            0,
            0,
            0,
            0,
            0,
            0
        ]
    ],
    "arrivals": [
        -1,
        -1,
        -1,
        -1,
        -1,
        -1,
        -1,
        -1,
        -1,
        -1,
        -1,
        -1,
        -1,
        -1,
        -1,
        -1
    ],
    "current_time": 5119999,
    "schedule": [
        0,
        1,
        2,
        3,
        4,
        5,
        6,
        7,
        8,
        9,
        10,
        11,
        12,
        13,
        14,
        15
    ]
}
{
    "arrivals": 0.0,
    "delay_counter": 0.0,
    "departures": 0.0,
    "max_delay": 0,
    "mean_delay": 0.0,
    "sum_delay": 0.0
}
       Value   Percentile   TotalCount 1/(1-Percentile)

       0.000     1.000000            0          inf
#[Mean    =         -nan, StdDeviation   =         -nan]
#[Max     =        0.000, Total count    =            0]
#[Buckets =           22, SubBuckets     =         2048]
#Load Traffic-Mode Throughput  Mean-Delay      Max-Delay   Mean-Delay-HDR  Max-Delay-HDR Delay-STD-HDR  P90-Delay   P95-Delay   P99-Delay   
0.70  3            1.0000      1.7557          65          1.7557          65            3.1188         5           7           15          
0.70  3            1.0000      1.7582          65          1.7582          65            3.1246         5           8           15          
0.70  3            1.0000      1.7572          66          1.7572          66            3.1206         5           8           15          
0.70  3            1.0000      1.7558          66          1.7558          66            3.1165         5           8           15          
0.70  3            1.0000      1.7565          74          1.7565          74            3.1198         5           8           15          
0.70  3            1.0000      1.7563          74          1.7563          74            3.1195         5           8           15          
0.70  3            1.0000      1.7562          74          1.7562          74            3.1208         5           8           15          
0.70  3            1.0000      1.7560          74          1.7560          74            3.1230         5           7           15          
0.70  3            1.0000      1.7551          75          1.7551          75            3.1217         5           7           15          
0.70  3            1.0000      1.7545          75          1.7545          75            3.1210         5           7           15          
0.70  3            1.0000      1.7549          75          1.7549          75            3.1226         5           7           15          
0.70  3            1.0000      1.7553          75          1.7553          75            3.1231         5           7           15          
0.70  3            1.0000      1.7550          75          1.7550          75            3.1232         5           7           15          
0.70  3            1.0000      1.7543          75          1.7543          75            3.1226         5           7           15          
0.70  3            1.0000      1.7545          75          1.7545          75            3.1233         5           7           15          
0.70  3            1.0000      1.7543          75          1.7543          75            3.1224         5           7           15          
0.70  3            1.0000      1.7541          75          1.7541          75            3.1221         5           7           15          
0.70  3            1.0000      1.7538          75          1.7538          75            3.1223         5           7           15          
0.70  3            1.0000      1.7538          75          1.7538          75            3.1226         5           7           15          
0.70  3            1.0000      1.7533          80          1.7533          80            3.1216         5           7           15          
0.70  3            1.0000      1.7535          92          1.7535          92            3.1226         5           7           15          
0.70  3            1.0000      1.7532          92          1.7532          92            3.1225         5           7           15          
0.70  3            1.0000      1.7531          92          1.7531          92            3.1218         5           7           15          
0.70  3            1.0000      1.7532          92          1.7532          92            3.1215         5           7           15          
0.70  3            1.0000      1.7534          92          1.7534          92            3.1212         5           7           15          
0.70  3            1.0000      1.7531          92          1.7531          92            3.1209         5           7           15          
0.70  3            1.0000      1.7531          92          1.7531          92            3.1209         5           7           15          
0.70  3            1.0000      1.7529          92          1.7529          92            3.1207         5           7           15          
0.70  3            1.0000      1.7530          92          1.7530          92            3.1215         5           7           15          
0.70  3            1.0000      1.7530          92          1.7530          92            3.1218         5           7           15          
0.70  3            1.0000      1.7531          92          1.7531          92            3.1217         5           7           15          
0.70  3            1.0000      1.7529          92          1.7529          92            3.1213         5           7           15          
       Value   Percentile   TotalCount 1/(1-Percentile)

       1.000     0.000000     26333355         1.00
       1.000     0.100000     26333355         1.11
       1.000     0.200000     26333355         1.25
       1.000     0.300000     26333355         1.43
       1.000     0.400000     26333355         1.67
       2.000     0.500000     38273508         2.00
       2.000     0.550000     38273508         2.22
       2.000     0.600000     38273508         2.50
       2.000     0.650000     38273508         2.86
       3.000     0.700000     45065781         3.33
       3.000     0.750000     45065781         4.00
       3.000     0.775000     45065781         4.44
       4.000     0.800000     48974264         5.00
       4.000     0.825000     48974264         5.71
       4.000     0.850000     48974264         6.67
       5.000     0.875000     51297987         8.00
       5.000     0.887500     51297987         8.89
       6.000     0.900000     52765865        10.00
       6.000     0.912500     52765865        11.43
       7.000     0.925000     53759457        13.33
       8.000     0.937500     54482778        16.00
       8.000     0.943750     54482778        17.78
       8.000     0.950000     54482778        20.00
       9.000     0.956250     55033772        22.86
      10.000     0.962500     55465570        26.67
      11.000     0.968750     55811799        32.00
      11.000     0.971875     55811799        35.56
      12.000     0.975000     56091128        40.00
      12.000     0.978125     56091128        45.71
      13.000     0.981250     56318301        53.33
      14.000     0.984375     56503903        64.00
      15.000     0.985938     56655507        71.11
      15.000     0.987500     56655507        80.00
      16.000     0.989062     56778812        91.43
      17.000     0.990625     56879733       106.67
      18.000     0.992188     56963089       128.00
      18.000     0.992969     56963089       142.22
      19.000     0.993750     57031111       160.00
      19.000     0.994531     57031111       182.86
      20.000     0.995313     57086969       213.33
      21.000     0.996094     57132430       256.00
      22.000     0.996484     57170147       284.44
      22.000     0.996875     57170147       320.00
      23.000     0.997266     57201071       365.71
      24.000     0.997656     57226362       426.67
      25.000     0.998047     57247252       512.00
      25.000     0.998242     57247252       568.89
      26.000     0.998437     57264446       640.00
      27.000     0.998633     57278758       731.43
      27.000     0.998828     57278758       853.33
      28.000     0.999023     57290499      1024.00
      29.000     0.999121     57300161      1137.78
      29.000     0.999219     57300161      1280.00
      30.000     0.999316     57308032      1462.86
      31.000     0.999414     57314562      1706.67
      32.000     0.999512     57319883      2048.00
      32.000     0.999561     57319883      2275.56
      33.000     0.999609     57324263      2560.00
      34.000     0.999658     57327912      2925.71
      34.000     0.999707     57327912      3413.33
      35.000     0.999756     57330872      4096.00
      36.000     0.999780     57333326      4551.11
      37.000     0.999805     57335390      5120.00
      37.000     0.999829     57335390      5851.43
      38.000     0.999854     57337072      6826.67
      39.000     0.999878     57338435      8192.00
      39.000     0.999890     57338435      9102.22
      40.000     0.999902     57339576     10240.00
      41.000     0.999915     57340510     11702.86
      41.000     0.999927     57340510     13653.33
      42.000     0.999939     57341225     16384.00
      43.000     0.999945     57341822     18204.44
      44.000     0.999951     57342345     20480.00
      44.000     0.999957     57342345     23405.71
      45.000     0.999963     57342767     27306.67
      46.000     0.999969     57343123     32768.00
      46.000     0.999973     57343123     36408.89
      47.000     0.999976     57343386     40960.00
      48.000     0.999979     57343614     46811.43
      49.000     0.999982     57343803     54613.33
      49.000     0.999985     57343803     65536.00
      50.000     0.999986     57343966     72817.78
      51.000     0.999988     57344097     81920.00
      51.000     0.999989     57344097     93622.86
      52.000     0.999991     57344204    109226.67
      53.000     0.999992     57344297    131072.00
      53.000     0.999993     57344297    145635.56
      54.000     0.999994     57344374    163840.00
      54.000     0.999995     57344374    187245.71
      55.000     0.999995     57344434    218453.33
      56.000     0.999996     57344477    262144.00
      56.000     0.999997     57344477    291271.11
      57.000     0.999997     57344505    327680.00
      58.000     0.999997     57344537    374491.43
      59.000     0.999998     57344568    436906.67
      59.000     0.999998     57344568    524288.00
      60.000     0.999998     57344580    582542.22
      61.000     0.999998     57344601    655360.00
      61.000     0.999999     57344601    748982.86
      62.000     0.999999     57344611    873813.33
      64.000     0.999999     57344629   1048576.00
      64.000     0.999999     57344629   1165084.44
      65.000     0.999999     57344635   1310720.00
      65.000     0.999999     57344635   1497965.71
      66.000     0.999999     57344645   1747626.67
      67.000     1.000000     57344649   2097152.00
      67.000     1.000000     57344649   2330168.89
      68.000     1.000000     57344653   2621440.00
      69.000     1.000000     57344655   2995931.43
      70.000     1.000000     57344658   3495253.33
      72.000     1.000000     57344660   4194304.00
      73.000     1.000000     57344664   4660337.78
      73.000     1.000000     57344664   5242880.00
      73.000     1.000000     57344664   5991862.86
      74.000     1.000000     57344665   6990506.67
      75.000     1.000000     57344667   8388608.00
      75.000     1.000000     57344667   9320675.55
      76.000     1.000000     57344669  10485760.00
      76.000     1.000000     57344669  11983725.71
      76.000     1.000000     57344669  13981013.34
      77.000     1.000000     57344670  16777216.00
      77.000     1.000000     57344670  18641351.10
      78.000     1.000000     57344671  20971519.98
      78.000     1.000000     57344671  23967451.45
      78.000     1.000000     57344671  27962026.68
      81.000     1.000000     57344672  33554432.00
      81.000     1.000000     57344672  37282702.28
      81.000     1.000000     57344672  41943039.96
      81.000     1.000000     57344672  47934902.91
      81.000     1.000000     57344672  55924053.19
      93.000     1.000000     57344673  67108864.00
      93.000     1.000000     57344673          inf
#[Mean    =        2.753, StdDeviation   =        3.121]
#[Max     =       93.000, Total count    =     57344673]
#[Buckets =           22, SubBuckets     =         2048]
reset:: start ...
reset:: A ...
reset:: Q ...
reset:: B ...
reset:: S ...
reset:: instruments ...
reset histogram ...
