
Get seed: 3717929488
{
    "E_Frequency": 100,
    "Ouroboros_filename": "../data/Ouroboros/n=8.txt",
    "Ouroboros_stats_filename": "../results/Simulator-8-1920000-3717929488.dat",
    "Queue_bound": 10000,
    "average_burst_length": -1,
    "average_burst_length_array": [],
    "frame_number": 1920000,
    "injection_name": "Bernoulli",
    "injection_option": 0,
    "load": 0.6,
    "load_array": [
        0.6
    ],
    "model_name": "",
    "model_option": 0,
    "name": "Simulator",
    "port_number": 8,
    "probability_off": -1,
    "probability_on": -1,
    "seed_for_traffic_generator": 3717929488,
    "type": 0,
    "verbosity_level": 1
}
{
    "arrivals": [
        -1,
        -1,
        -1,
        -1,
        -1,
        -1,
        -1,
        -1
    ],
    "current-timeslot": 0,
    "queue-lengths": [
        [
            0,
            0,
            0,
            0,
            0,
            0,
            0,
            0
        ],
        [
            0,
            0,
            0,
            0,
            0,
            0,
            0,
            0
        ],
        [
            0,
            0,
            0,
            0,
            0,
            0,
            0,
            0
        ],
        [
            0,
            0,
            0,
            0,
            0,
            0,
            0,
            0
        ],
        [
            0,
            0,
            0,
            0,
            0,
            0,
            0,
            0
        ],
        [
            0,
            0,
            0,
            0,
            0,
            0,
            0,
            0
        ],
        [
            0,
            0,
            0,
            0,
            0,
            0,
            0,
            0
        ],
        [
            0,
            0,
            0,
            0,
            0,
            0,
            0,
            0
        ]
    ],
    "schedule": [
        0,
        1,
        2,
        3,
        4,
        5,
        6,
        7
    ]
}
0               -1              0           -1          -1          -1          0             0             0             0             0             0             0             0             0             0             0             0             0             0             0             
#Load Traffic-Mode Throughput      Mean-Delay      Max-Delay   P90-Delay   P95-Delay   P99-Delay   cycles        cycles-ourob  cycles-wrong  cycles-bc     cyc-weights   ocyc-weights  wcyc-weights  CS-1          CS-2          CS-3          CS-4          CS-5          CS-6          CS-7          CS-8          
0.600 0            0.999927        6.20537         142         19          28          49          169167        169167        0             0             416214        416214        0             68935         28862         19928         14779         11938         9732          8441          6552          
0.600 0            0.99996         6.2025          176         19          27          49          338173        338173        0             0             835409        835409        0             137623        57797         39753         29567         23944         19659         16650         13180         
0.600 0            0.999962        6.22773         176         19          28          49          507086        507086        0             0             1255432       1255432       0             206385        86498         59687         44355         35824         29578         24946         19813         
0.600 0            0.99997         6.22518         176         19          28          49          676576        676576        0             0             1673565       1673565       0             275578        115430        79610         59158         47767         39459         33289         26285         
0.600 0            0.999982        6.23103         176         19          28          49          845870        845870        0             0             2092013       2092013       0             344722        144382        99209         73991         59533         49436         41766         32831         
0.600 0            0.999986        6.23528         176         19          28          49          1014852       1014852       0             0             2510321       2510321       0             413803        172991        118859        88775         71438         59383         50262         39341         
0.600 0            0.999983        6.23566         176         19          28          49          1184060       1184060       0             0             2928657       2928657       0             482744        202046        138712        103551        83186         69243         58756         45822         
0.600 0            0.99999         6.23614         176         19          28          49          1353557       1353557       0             0             3347533       3347533       0             552273        230850        158344        118308        95126         79167         67117         52372         
0.600 0            0.999989        6.2341          176         19          28          49          1522860       1522860       0             0             3763929       3763929       0             621558        259605        178018        133364        106873        88956         75611         58875         
0.600 0            0.999991        6.23008         176         19          28          49          1691772       1691772       0             0             4182357       4182357       0             690218        288486        197743        148180        118919        98780         83982         65464         
0.600 0            0.999988        6.23309         176         19          28          49          1860857       1860857       0             0             4600795       4600795       0             759349        317042        217663        163023        130578        108734        92584         71884         
0.600 0            0.999991        6.23804         176         19          28          49          2030405       2030405       0             0             5019387       5019387       0             828703        346011        237448        177900        142455        118568        100912        78408         
0.600 0            0.999991        6.24336         176         19          28          49          2199253       2199253       0             0             5439856       5439856       0             897335        374810        257258        192822        154348        128384        109333        84963         
0.600 0            0.999992        6.23915         176         19          28          49          2368490       2368490       0             0             5857439       5857439       0             966276        403761        277145        207753        166155        138211        117686        91503         
0.600 0            0.999996        6.23722         176         19          28          49          2537764       2537764       0             0             6277364       6277364       0             1035302       432795        296752        222492        178099        148205        125985        98134         
0.600 0            0.999994        6.23721         176         19          28          49          2706469       2706469       0             0             6696795       6696795       0             1103829       461651        316463        237434        189798        158073        134460        104761        
0.600 0            0.999994        6.2365          176         19          28          49          2875203       2875203       0             0             7115548       7115548       0             1172454       490539        336051        252276        201637        167985        142812        111449        
0.600 0            0.999994        6.23461         176         19          28          49          3043744       3043744       0             0             7534179       7534179       0             1240934       519247        355640        267194        213494        177917        151136        118182        
0.600 0            0.999995        6.23563         176         19          28          49          3212524       3212524       0             0             7953315       7953315       0             1309616       548069        375192        282181        225352        187775        159552        124787        
0.600 0            0.999995        6.23795         176         19          28          49          3382097       3382097       0             0             8372725       8372725       0             1379114       576830        394898        297160        237235        197550        168079        131231        
0.600 0            0.999995        6.24047         176         19          28          49          3551031       3551031       0             0             8793525       8793525       0             1448052       605399        414696        311895        249274        207401        176510        137804        
0.600 0            0.999995        6.24316         176         19          28          49          3720031       3720031       0             0             9213368       9213368       0             1516970       634117        434490        326628        261253        217185        185065        144323        
0.600 0            0.999994        6.24433         176         19          28          49          3889230       3889230       0             0             9633792       9633792       0             1586139       662863        454235        341476        273048        227036        193594        150839        
0.600 0            0.999996        6.24338         176         19          28          49          4058028       4058028       0             0             10051598      10051598      0             1654892       691680        473858        356172        284917        237103        201981        157425        
0.600 0            0.999997        6.24355         176         19          28          49          4227185       4227185       0             0             10470749      10470749      0             1723920       720646        493426        371011        296700        247160        210474        163848        
0.600 0            0.999995        6.24228         193         19          28          49          4395987       4395987       0             0             10889056      10889056      0             1792566       749477        513153        385891        308599        257036        218794        170471        
0.600 0            0.999997        6.24445         193         19          28          49          4564710       4564710       0             0             11310135      11310135      0             1861152       778170        533018        400752        320392        266895        227252        177079        
0.600 0            0.999997        6.24149         193         19          28          49          4734087       4734087       0             0             11726307      11726307      0             1930284       807197        552778        415460        332298        276866        235674        183530        
0.600 0            0.999995        6.2412          193         19          28          49          4902719       4902719       0             0             12145629      12145629      0             1998999       835751        572529        430137        344296        286733        244018        190256        
0.600 0            0.999996        6.24262         193         19          28          49          5071776       5071776       0             0             12565805      12565805      0             2068246       864421        592028        444806        356268        296687        252522        196798        
0.600 0            0.999997        6.24111         193         19          28          49          5240588       5240588       0             0             12983711      12983711      0             2136838       893274        611723        459659        368121        306701        260938        203334        
0.600 0            0.999997        6.24231         193         19          28          49          5409259       5409259       0             0             13403833      13403833      0             2205462       922093        631303        474603        379719        316750        269336        209993        
       Value   Percentile   TotalCount 1/(1-Percentile)

       1.000     0.000000      3568401         1.00
       1.000     0.100000      3568401         1.11
       1.000     0.200000      3568401         1.25
       1.000     0.300000      3568401         1.43
       2.000     0.400000      4653705         1.67
       2.000     0.500000      4653705         2.00
       3.000     0.550000      5164297         2.22
       4.000     0.600000      5568351         2.50
       6.000     0.650000      6237010         2.86
       7.000     0.700000      6515103         3.33
       9.000     0.750000      6984683         4.00
      10.000     0.775000      7182128         4.44
      12.000     0.800000      7518181         5.00
      13.000     0.825000      7661452         5.71
      15.000     0.850000      7908486         6.67
      17.000     0.875000      8111670         8.00
      18.000     0.887500      8199185         8.89
      20.000     0.900000      8352480        10.00
      21.000     0.912500      8419200        11.43
      23.000     0.925000      8536594        13.33
      26.000     0.937500      8678453        16.00
      27.000     0.943750      8718335        17.78
      29.000     0.950000      8789475        20.00
      30.000     0.956250      8821060        22.86
      32.000     0.962500      8876726        26.67
      35.000     0.968750      8945723        32.00
      36.000     0.971875      8965375        35.56
      38.000     0.975000      9000128        40.00
      40.000     0.978125      9030106        45.71
      42.000     0.981250      9055677        53.33
      44.000     0.984375      9077837        64.00
      46.000     0.985938      9096927        71.11
      47.000     0.987500      9105528        80.00
      49.000     0.989062      9120942        91.43
      51.000     0.990625      9134127       106.67
      54.000     0.992188      9150714       128.00
      55.000     0.992969      9155485       142.22
      57.000     0.993750      9164075       160.00
      59.000     0.994531      9171385       182.86
      61.000     0.995313      9177755       213.33
      63.000     0.996094      9183267       256.00
      65.000     0.996484      9187905       284.44
      66.000     0.996875      9190121       320.00
      68.000     0.997266      9193986       365.71
      70.000     0.997656      9197302       426.67
      73.000     0.998047      9201456       512.00
      74.000     0.998242      9202655       568.89
      76.000     0.998437      9204793       640.00
      77.000     0.998633      9205761       731.43
      80.000     0.998828      9208204       853.33
      82.000     0.999023      9209616      1024.00
      84.000     0.999121      9210814      1137.78
      85.000     0.999219      9211363      1280.00
      87.000     0.999316      9212307      1462.86
      89.000     0.999414      9213083      1706.67
      92.000     0.999512      9214078      2048.00
      93.000     0.999561      9214355      2275.56
      95.000     0.999609      9214904      2560.00
      97.000     0.999658      9215393      2925.71
      99.000     0.999707      9215786      3413.33
     101.000     0.999756      9216120      4096.00
     103.000     0.999780      9216419      4551.11
     104.000     0.999805      9216543      5120.00
     106.000     0.999829      9216801      5851.43
     108.000     0.999854      9216992      6826.67
     111.000     0.999878      9217252      8192.00
     112.000     0.999890      9217322      9102.22
     114.000     0.999902      9217452     10240.00
     116.000     0.999915      9217564     11702.86
     118.000     0.999927      9217675     13653.33
     120.000     0.999939      9217767     16384.00
     122.000     0.999945      9217836     18204.44
     123.000     0.999951      9217868     20480.00
     125.000     0.999957      9217924     23405.71
     127.000     0.999963      9217982     27306.67
     130.000     0.999969      9218048     32768.00
     131.000     0.999973      9218071     36408.89
     132.000     0.999976      9218094     40960.00
     134.000     0.999979      9218121     46811.43
     137.000     0.999982      9218154     54613.33
     139.000     0.999985      9218177     65536.00
     141.000     0.999986      9218203     72817.78
     142.000     0.999988      9218210     81920.00
     143.000     0.999989      9218224     93622.86
     145.000     0.999991      9218242    109226.67
     146.000     0.999992      9218247    131072.00
     148.000     0.999993      9218255    145635.56
     150.000     0.999994      9218264    163840.00
     152.000     0.999995      9218268    187245.71
     155.000     0.999995      9218277    218453.33
     157.000     0.999996      9218282    262144.00
     160.000     0.999997      9218287    291271.11
     161.000     0.999997      9218289    327680.00
     163.000     0.999997      9218295    374491.43
     164.000     0.999998      9218298    436906.67
     165.000     0.999998      9218300    524288.00
     167.000     0.999998      9218302    582542.22
     168.000     0.999998      9218304    655360.00
     169.000     0.999999      9218306    748982.86
     170.000     0.999999      9218310    873813.33
     170.000     0.999999      9218310   1048576.00
     170.000     0.999999      9218310   1165084.44
     170.000     0.999999      9218310   1310720.00
     172.000     0.999999      9218311   1497965.71
     173.000     0.999999      9218312   1747626.67
     174.000     1.000000      9218313   2097152.00
     176.000     1.000000      9218314   2330168.89
     176.000     1.000000      9218314   2621440.00
     176.000     1.000000      9218314   2995931.43
     177.000     1.000000      9218315   3495253.33
     177.000     1.000000      9218315   4194304.00
     181.000     1.000000      9218316   4660337.78
     181.000     1.000000      9218316   5242880.00
     181.000     1.000000      9218316   5991862.86
     181.000     1.000000      9218316   6990506.67
     181.000     1.000000      9218316   8388608.00
     194.000     1.000000      9218317   9320675.55
     194.000     1.000000      9218317          inf
#[Mean    =        7.242, StdDeviation   =       10.523]
#[Max     =      194.000, Total count    =      9218317]
#[Buckets =           22, SubBuckets     =         2048]
{
    "E_Frequency": 100,
    "Ouroboros_filename": "../data/Ouroboros/n=8.txt",
    "Ouroboros_stats_filename": "../results/Simulator-8-1920000-3717929488.dat",
    "Queue_bound": 10000,
    "average_burst_length": -1,
    "average_burst_length_array": [],
    "frame_number": 1920000,
    "injection_name": "Bernoulli",
    "injection_option": 0,
    "load": 0.6,
    "load_array": [
        0.6
    ],
    "model_name": "",
    "model_option": 1,
    "name": "Simulator",
    "port_number": 8,
    "probability_off": -1,
    "probability_on": -1,
    "seed_for_traffic_generator": 3717929488,
    "type": 0,
    "verbosity_level": 1
}
{
    "arrivals": [
        -1,
        -1,
        -1,
        -1,
        -1,
        -1,
        -1,
        -1
    ],
    "current-timeslot": 0,
    "queue-lengths": [
        [
            0,
            0,
            0,
            0,
            0,
            0,
            0,
            0
        ],
        [
            0,
            0,
            0,
            0,
            0,
            0,
            0,
            0
        ],
        [
            0,
            0,
            0,
            0,
            0,
            0,
            0,
            0
        ],
        [
            0,
            0,
            0,
            0,
            0,
            0,
            0,
            0
        ],
        [
            0,
            0,
            0,
            0,
            0,
            0,
            0,
            0
        ],
        [
            0,
            0,
            0,
            0,
            0,
            0,
            0,
            0
        ],
        [
            0,
            0,
            0,
            0,
            0,
            0,
            0,
            0
        ],
        [
            0,
            0,
            0,
            0,
            0,
            0,
            0,
            0
        ]
    ],
    "schedule": [
        0,
        1,
        2,
        3,
        4,
        5,
        6,
        7
    ]
}
0               -1              0           -1          -1          -1          0             0             0             0             0             0             0             0             0             0             0             0             0             0             0             
#Load Traffic-Mode Throughput      Mean-Delay      Max-Delay   P90-Delay   P95-Delay   P99-Delay   cycles        cycles-ourob  cycles-wrong  cycles-bc     cyc-weights   ocyc-weights  wcyc-weights  CS-1          CS-2          CS-3          CS-4          CS-5          CS-6          CS-7          CS-8          
0.600 1            0.999951        3.26744         172         9           17          37          226431        226431        0             0             401635        401635        0             135770        31182         17497         13241         11377         9352          5770          2242          
0.600 1            0.999969        3.29613         182         9           17          38          452768        452768        0             0             805685        805685        0             270736        62998         35107         26704         22631         18507         11538         4547          
0.600 1            0.999983        3.29104         182         9           17          38          678945        678945        0             0             1207460       1207460       0             405646        94603         52874         40101         33819         27618         17377         6907          
0.600 1            0.999981        3.27884         182         9           17          37          905520        905520        0             0             1608381       1608381       0             541347        125893        70502         53519         45025         36848         23120         9266          
0.600 1            0.999991        3.28105         182         9           17          37          1132295       1132295       0             0             2010514       2010514       0             677314        157048        88211         66963         56408         45884         28919         11548         
0.600 1            0.999987        3.28247         182         9           17          37          1359402       1359402       0             0             2413085       2413085       0             813754        188108        106105        80250         67523         55033         34754         13875         
0.600 1            0.99999         3.28363         182         9           17          37          1585347       1585347       0             0             2814433       2814433       0             949015        219189        123505        93616         79021         64185         40579         16237         
0.600 1            0.999994        3.28817         182         9           17          37          1811118       1811118       0             0             3217880       3217880       0             1083842       250432        141107        106922        90421         73318         46432         18644         
0.600 1            0.999995        3.28726         182         9           17          38          2037743       2037743       0             0             3620683       3620683       0             1219317       281937        158976        120294        101583        82406         52294         20936         
0.600 1            0.999995        3.28511         182         9           17          38          2264423       2264423       0             0             4022568       4022568       0             1354837       313629        176600        133707        112944        91484         58003         23219         
0.600 1            0.999993        3.2884          182         9           17          38          2491959       2491959       0             0             4427634       4427634       0             1491710       344943        194260        147039        124169        100614        63693         25531         
0.600 1            0.999994        3.28625         182         9           17          38          2718333       2718333       0             0             4830126       4830126       0             1627020       376542        211938        160116        135520        109797        69540         27860         
0.600 1            0.999997        3.28713         182         9           17          38          2945452       2945452       0             0             5232123       5232123       0             1763450       407909        229422        173445        146737        118922        75411         30156         
0.600 1            0.999995        3.28552         182         9           17          38          3172233       3172233       0             0             5634160       5634160       0             1899387       439226        246997        187016        157929        127992        81283         32403         
0.600 1            0.999996        3.28483         182         9           17          38          3398142       3398142       0             0             6035939       6035939       0             2034237       470493        264666        200410        169433        137140        87082         34681         
0.600 1            0.999997        3.2861          182         9           17          38          3624422       3624422       0             0             6441130       6441130       0             2169771       501591        282244        213678        180878        146340        92875         37045         
0.600 1            0.999996        3.28782         182         9           17          38          3851425       3851425       0             0             6845494       6845494       0             2305643       533147        299918        227098        192318        155389        98575         39337         
0.600 1            0.999996        3.28763         182         9           17          38          4077854       4077854       0             0             7248353       7248353       0             2441057       564546        317509        240553        203616        164528        104440        41605         
0.600 1            0.999997        3.28722         182         9           17          38          4304605       4304605       0             0             7651827       7651827       0             2576865       596080        335042        253856        214845        173712        110248        43957         
0.600 1            0.999997        3.28624         182         9           17          38          4531384       4531384       0             0             8053101       8053101       0             2712943       627306        352630        267030        226132        182822        116213        46308         
0.600 1            0.999997        3.28562         182         9           17          38          4758855       4758855       0             0             8455091       8455091       0             2849292       659211        370150        280285        237487        191822        122047        48561         
0.600 1            0.999997        3.28542         182         9           17          37          4985116       4985116       0             0             8857601       8857601       0             2984472       690601        387885        293644        248752        200988        127809        50965         
0.600 1            0.999998        3.2853          182         9           17          37          5212434       5212434       0             0             9260031       9260031       0             3120956       722220        405449        306788        260148        210134        133519        53220         
0.600 1            0.999998        3.28597         182         9           17          37          5438693       5438693       0             0             9664669       9664669       0             3256188       753866        422920        320086        271458        219315        139420        55440         
0.600 1            0.999998        3.28469         182         9           17          37          5665629       5665629       0             0             10065424      10065424      0             3392502       784910        440662        333372        283000        228228        145204        57751         
0.600 1            0.999998        3.28401         182         9           17          37          5892806       5892806       0             0             10466346      10466346      0             3528844       816038        458634        346759        294298        237222        151000        60011         
0.600 1            0.999997        3.28279         182         9           17          37          6119413       6119413       0             0             10866435      10866435      0             3664697       847637        475917        360001        305659        246337        156795        62370         
0.600 1            0.999998        3.28363         182         9           17          37          6346184       6346184       0             0             11266949      11266949      0             3800666       879106        493407        373205        317019        255521        162612        64648         
0.600 1            0.999998        3.28249         182         9           17          37          6572905       6572905       0             0             11667054      11667054      0             3936469       910643        510978        386505        328216        264661        168563        66870         
0.600 1            0.999998        3.28325         182         9           17          37          6798359       6798359       0             0             12070691      12070691      0             4071187       941801        528367        399728        339484        274049        174428        69315         
0.600 1            0.999998        3.2836          182         9           17          37          7024784       7024784       0             0             12473902      12473902      0             4206521       973412        545942        413071        350753        283121        180322        71642         
0.600 1            0.999998        3.28392         182         9           17          37          7251285       7251285       0             0             12878920      12878920      0             4341997       1004833       563637        426429        362045        292194        186159        73991         
       Value   Percentile   TotalCount 1/(1-Percentile)

       1.000     0.000000      4314405         1.00
       1.000     0.100000      4314405         1.11
       1.000     0.200000      4314405         1.25
       1.000     0.300000      4314405         1.43
       1.000     0.400000      4314405         1.67
       2.000     0.500000      5942829         2.00
       2.000     0.550000      5942829         2.22
       2.000     0.600000      5942829         2.50
       3.000     0.650000      6692478         2.86
       3.000     0.700000      6692478         3.33
       4.000     0.750000      7177430         4.00
       4.000     0.775000      7177430         4.44
       5.000     0.800000      7518634         5.00
       6.000     0.825000      7766997         5.71
       7.000     0.850000      7955783         6.67
       8.000     0.875000      8104838         8.00
       9.000     0.887500      8224914         8.89
      10.000     0.900000      8325293        10.00
      11.000     0.912500      8410862        11.43
      13.000     0.925000      8549756        13.33
      15.000     0.937500      8658845        16.00
      16.000     0.943750      8704923        17.78
      18.000     0.950000      8783772        20.00
      19.000     0.956250      8817792        22.86
      21.000     0.962500      8876892        26.67
      23.000     0.968750      8926551        32.00
      25.000     0.971875      8968010        35.56
      26.000     0.975000      8986238        40.00
      28.000     0.978125      9018551        45.71
      30.000     0.981250      9045961        53.33
      33.000     0.984375      9079911        64.00
      34.000     0.985938      9089633        71.11
      35.000     0.987500      9098497        80.00
      37.000     0.989062      9114319        91.43
      39.000     0.990625      9127874       106.67
      42.000     0.992188      9144662       128.00
      43.000     0.992969      9149565       142.22
      45.000     0.993750      9158258       160.00
      47.000     0.994531      9165681       182.86
      49.000     0.995313      9172191       213.33
      51.000     0.996094      9177715       256.00
      53.000     0.996484      9182529       284.44
      55.000     0.996875      9186685       320.00
      56.000     0.997266      9188582       365.71
      58.000     0.997656      9191988       426.67
      61.000     0.998047      9196113       512.00
      63.000     0.998242      9198494       568.89
      64.000     0.998437      9199552       640.00
      66.000     0.998633      9201425       731.43
      68.000     0.998828      9203060       853.33
      71.000     0.999023      9205003      1024.00
      72.000     0.999121      9205576      1137.78
      74.000     0.999219      9206622      1280.00
      76.000     0.999316      9207560      1462.86
      78.000     0.999414      9208362      1706.67
      80.000     0.999512      9209087      2048.00
      82.000     0.999561      9209674      2275.56
      84.000     0.999609      9210162      2560.00
      86.000     0.999658      9210641      2925.71
      88.000     0.999707      9211032      3413.33
      90.000     0.999756      9211380      4096.00
      91.000     0.999780      9211557      4551.11
      93.000     0.999805      9211835      5120.00
      95.000     0.999829      9212073      5851.43
      97.000     0.999854      9212299      6826.67
      99.000     0.999878      9212491      8192.00
     100.000     0.999890      9212565      9102.22
     102.000     0.999902      9212719     10240.00
     104.000     0.999915      9212832     11702.86
     105.000     0.999927      9212898     13653.33
     108.000     0.999939      9213032     16384.00
     109.000     0.999945      9213069     18204.44
     111.000     0.999951      9213130     20480.00
     112.000     0.999957      9213170     23405.71
     115.000     0.999963      9213248     27306.67
     117.000     0.999969      9213294     32768.00
     118.000     0.999973      9213311     36408.89
     120.000     0.999976      9213347     40960.00
     121.000     0.999979      9213366     46811.43
     124.000     0.999982      9213406     54613.33
     126.000     0.999985      9213424     65536.00
     128.000     0.999986      9213447     72817.78
     129.000     0.999988      9213455     81920.00
     131.000     0.999989      9213469     93622.86
     133.000     0.999991      9213482    109226.67
     135.000     0.999992      9213491    131072.00
     137.000     0.999993      9213499    145635.56
     138.000     0.999994      9213505    163840.00
     142.000     0.999995      9213512    187245.71
     145.000     0.999995      9213519    218453.33
     147.000     0.999996      9213531    262144.00
     147.000     0.999997      9213531    291271.11
     149.000     0.999997      9213534    327680.00
     150.000     0.999997      9213537    374491.43
     152.000     0.999998      9213541    436906.67
     157.000     0.999998      9213546    524288.00
     157.000     0.999998      9213546    582542.22
     158.000     0.999998      9213547    655360.00
     159.000     0.999999      9213549    748982.86
     162.000     0.999999      9213551    873813.33
     165.000     0.999999      9213553   1048576.00
     167.000     0.999999      9213555   1165084.44
     167.000     0.999999      9213555   1310720.00
     167.000     0.999999      9213555   1497965.71
     168.000     0.999999      9213556   1747626.67
     173.000     1.000000      9213557   2097152.00
     179.000     1.000000      9213558   2330168.89
     179.000     1.000000      9213558   2621440.00
     179.000     1.000000      9213558   2995931.43
     181.000     1.000000      9213559   3495253.33
     181.000     1.000000      9213559   4194304.00
     183.000     1.000000      9213561   4660337.78
     183.000     1.000000      9213561          inf
#[Mean    =        4.284, StdDeviation   =        7.427]
#[Max     =      183.000, Total count    =      9213561]
#[Buckets =           22, SubBuckets     =         2048]
{
    "E_Frequency": 100,
    "Ouroboros_filename": "../data/Ouroboros/n=8.txt",
    "Ouroboros_stats_filename": "../results/Simulator-8-1920000-3717929488.dat",
    "Queue_bound": 10000,
    "average_burst_length": -1,
    "average_burst_length_array": [],
    "frame_number": 1920000,
    "injection_name": "Bernoulli",
    "injection_option": 0,
    "load": 0.6,
    "load_array": [
        0.6
    ],
    "model_name": "",
    "model_option": 2,
    "name": "Simulator",
    "port_number": 8,
    "probability_off": -1,
    "probability_on": -1,
    "seed_for_traffic_generator": 3717929488,
    "type": 0,
    "verbosity_level": 1
}
{
    "arrivals": [
        -1,
        -1,
        -1,
        -1,
        -1,
        -1,
        -1,
        -1
    ],
    "current-timeslot": 0,
    "queue-lengths": [
        [
            0,
            0,
            0,
            0,
            0,
            0,
            0,
            0
        ],
        [
            0,
            0,
            0,
            0,
            0,
            0,
            0,
            0
        ],
        [
            0,
            0,
            0,
            0,
            0,
            0,
            0,
            0
        ],
        [
            0,
            0,
            0,
            0,
            0,
            0,
            0,
            0
        ],
        [
            0,
            0,
            0,
            0,
            0,
            0,
            0,
            0
        ],
        [
            0,
            0,
            0,
            0,
            0,
            0,
            0,
            0
        ],
        [
            0,
            0,
            0,
            0,
            0,
            0,
            0,
            0
        ],
        [
            0,
            0,
            0,
            0,
            0,
            0,
            0,
            0
        ]
    ],
    "schedule": [
        0,
        1,
        2,
        3,
        4,
        5,
        6,
        7
    ]
}
0               -1              0           -1          -1          -1          0             0             0             0             0             0             0             0             0             0             0             0             0             0             0             
#Load Traffic-Mode Throughput      Mean-Delay      Max-Delay   P90-Delay   P95-Delay   P99-Delay   cycles        cycles-ourob  cycles-wrong  cycles-bc     cyc-weights   ocyc-weights  wcyc-weights  CS-1          CS-2          CS-3          CS-4          CS-5          CS-6          CS-7          CS-8          
0.600 2            0.999944        3.81023         141         12          20          41          221105        221105        0             0             395111        395111        0             129981        28548         19343         14546         11402         8749          5922          2614          
0.600 2            0.999976        3.83296         168         12          20          41          442214        442214        0             0             791771        791771        0             259874        57245         38656         29201         22643         17349         11933         5313          
0.600 2            0.999975        3.81197         168         12          20          41          663478        663478        0             0             1185063       1185063       0             389805        86219         58052         43642         33799         26025         17976         7960          
0.600 2            0.999986        3.80948         168         12          20          41          885086        885086        0             0             1579340       1579340       0             520003        114931        77727         58298         45126         34513         23882         10606         
0.600 2            0.999988        3.81827         168         12          20          41          1106235       1106235       0             0             1975213       1975213       0             649832        143506        97248         72949         56487         43196         29731         13286         
0.600 2            0.99999         3.82045         168         12          20          41          1327440       1327440       0             0             2371482       2371482       0             779339        172620        116975        87473         67767         51678         35675         15913         
0.600 2            0.999991        3.81936         201         12          20          41          1548622       1548622       0             0             2766455       2766455       0             909066        201642        136584        101775        78926         60390         41564         18675         
0.600 2            0.999993        3.82696         201         12          20          41          1769870       1769870       0             0             3163182       3163182       0             1039151       230217        156001        116366        90354         69025         47404         21352         
0.600 2            0.999995        3.83074         201         12          20          41          1991338       1991338       0             0             3559591       3559591       0             1169580       258977        175155        130742        101868        77677         53369         23970         
0.600 2            0.999993        3.83665         201         12          20          41          2211774       2211774       0             0             3957632       3957632       0             1298717       287344        194804        145286        113376        86207         59387         26653         
0.600 2            0.999996        3.83542         201         12          20          41          2432693       2432693       0             0             4353109       4353109       0             1428673       315748        213953        159982        124871        94820         65295         29351         
0.600 2            0.999994        3.83284         201         12          20          41          2653676       2653676       0             0             4748506       4748506       0             1558076       344763        233424        174523        136182        103459        71214         32035         
0.600 2            0.999997        3.83165         201         12          20          41          2875130       2875130       0             0             5144978       5144978       0             1688153       373494        253037        188998        147534        112215        77028         34671         
0.600 2            0.999997        3.82567         201         12          20          41          3097086       3097086       0             0             5536669       5536669       0             1818705       402347        272630        203721        158851        120705        82754         37373         
0.600 2            0.999996        3.82787         201         12          20          41          3317883       3317883       0             0             5932765       5932765       0             1948124       430870        292288        218218        170361        129363        88599         40060         
0.600 2            0.999997        3.82986         201         12          20          41          3539195       3539195       0             0             6329258       6329258       0             2078098       459529        311898        232840        181727        137882        94521         42700         
0.600 2            0.999996        3.82929         201         12          20          41          3760746       3760746       0             0             6724860       6724860       0             2208351       488130        331608        247333        193214        146368        100413        45329         
0.600 2            0.999997        3.82806         201         12          20          41          3982585       3982585       0             0             7120628       7120628       0             2338813       516998        351165        261770        204632        154969        106238        48000         
0.600 2            0.999997        3.82864         201         12          20          41          4203586       4203586       0             0             7516917       7516917       0             2468381       545756        370750        276220        216120        163625        112053        50681         
0.600 2            0.999996        3.82924         201         12          20          41          4423975       4423975       0             0             7913484       7913484       0             2597683       574081        390206        290708        227460        172410        118087        53340         
0.600 2            0.999997        3.82926         201         12          20          41          4645095       4645095       0             0             8309186       8309186       0             2727252       603027        409752        305242        238879        180975        124031        55937         
0.600 2            0.999997        3.82799         201         12          20          41          4867311       4867311       0             0             8703841       8703841       0             2858118       632025        429313        319614        250183        189581        129924        58553         
0.600 2            0.999997        3.82867         201         12          20          41          5088231       5088231       0             0             9100930       9100930       0             2987627       660780        448725        334349        261534        198067        135950        61199         
0.600 2            0.999997        3.82983         201         12          20          41          5309569       5309569       0             0             9497295       9497295       0             3117581       689509        468213        348903        272981        206639        141957        63786         
0.600 2            0.999997        3.82815         201         12          20          41          5531237       5531237       0             0             9890900       9890900       0             3247875       718061        487915        363496        284469        215242        147731        66448         
0.600 2            0.999997        3.82827         201         12          20          41          5752127       5752127       0             0             10286978      10286978      0             3377527       746680        507302        378111        295769        223897        153760        69081         
0.600 2            0.999998        3.82844         201         12          20          41          5972592       5972592       0             0             10682701      10682701      0             3506876       775041        526800        392648        307189        232502        159763        71773         
0.600 2            0.999997        3.82885         201         12          20          41          6193984       6193984       0             0             11078622      11078622      0             3636939       803790        546398        407057        318497        241256        165714        74333         
0.600 2            0.999998        3.83005         201         12          20          41          6414782       6414782       0             0             11476632      11476632      0             3766358       832620        565722        421618        329859        249870        171687        77048         
0.600 2            0.999998        3.83042         201         12          20          41          6635425       6635425       0             0             11873416      11873416      0             3895573       861160        585301        436092        341339        258606        177623        79731         
0.600 2            0.999998        3.8313          201         12          20          41          6857149       6857149       0             0             12269350      12269350      0             4026112       889845        604857        450658        352657        267158        183502        82360         
0.600 2            0.999998        3.83212         201         12          20          41          7078612       7078612       0             0             12668094      12668094      0             4156167       918593        624352        465295        363999        275854        189292        85060         
       Value   Percentile   TotalCount 1/(1-Percentile)

       1.000     0.000000      4379805         1.00
       1.000     0.100000      4379805         1.11
       1.000     0.200000      4379805         1.25
       1.000     0.300000      4379805         1.43
       1.000     0.400000      4379805         1.67
       2.000     0.500000      5880919         2.00
       2.000     0.550000      5880919         2.22
       2.000     0.600000      5880919         2.50
       3.000     0.650000      6543851         2.86
       3.000     0.700000      6543851         3.33
       4.000     0.750000      6969655         4.00
       5.000     0.775000      7272716         4.44
       6.000     0.800000      7500695         5.00
       7.000     0.825000      7681241         5.71
       8.000     0.850000      7830833         6.67
      10.000     0.875000      8070952         8.00
      12.000     0.887500      8258421         8.89
      13.000     0.900000      8338183        10.00
      14.000     0.912500      8410117        11.43
      16.000     0.925000      8536043        13.33
      18.000     0.937500      8640467        16.00
      20.000     0.943750      8728363        17.78
      21.000     0.950000      8766479        20.00
      23.000     0.956250      8833478        22.86
      25.000     0.962500      8889651        26.67
      27.000     0.968750      8936842        32.00
      28.000     0.971875      8957649        35.56
      30.000     0.975000      8994494        40.00
      32.000     0.978125      9026004        45.71
      34.000     0.981250      9052575        53.33
      36.000     0.984375      9075367        64.00
      37.000     0.985938      9085679        71.11
      39.000     0.987500      9103587        80.00
      41.000     0.989062      9118791        91.43
      43.000     0.990625      9131923       106.67
      45.000     0.992188      9143143       128.00
      46.000     0.992969      9148167       142.22
      48.000     0.993750      9156952       160.00
      50.000     0.994531      9164624       182.86
      52.000     0.995313      9171234       213.33
      54.000     0.996094      9176828       256.00
      56.000     0.996484      9181673       284.44
      58.000     0.996875      9185866       320.00
      59.000     0.997266      9187711       365.71
      61.000     0.997656      9191159       426.67
      64.000     0.998047      9195382       512.00
      65.000     0.998242      9196546       568.89
      67.000     0.998437      9198753       640.00
      69.000     0.998633      9200685       731.43
      71.000     0.998828      9202335       853.33
      73.000     0.999023      9203699      1024.00
      75.000     0.999121      9204926      1137.78
      77.000     0.999219      9206003      1280.00
      78.000     0.999316      9206458      1462.86
      80.000     0.999414      9207346      1706.67
      83.000     0.999512      9208394      2048.00
      84.000     0.999561      9208692      2275.56
      86.000     0.999609      9209252      2560.00
      88.000     0.999658      9209734      2925.71
      90.000     0.999707      9210115      3413.33
      92.000     0.999756      9210482      4096.00
      94.000     0.999780      9210781      4551.11
      95.000     0.999805      9210931      5120.00
      97.000     0.999829      9211176      5851.43
      99.000     0.999854      9211395      6826.67
     102.000     0.999878      9211640      8192.00
     103.000     0.999890      9211712      9102.22
     105.000     0.999902      9211847     10240.00
     107.000     0.999915      9211965     11702.86
     108.000     0.999927      9212035     13653.33
     111.000     0.999939      9212165     16384.00
     112.000     0.999945      9212204     18204.44
     114.000     0.999951      9212274     20480.00
     115.000     0.999957      9212313     23405.71
     117.000     0.999963      9212369     27306.67
     119.000     0.999969      9212417     32768.00
     121.000     0.999973      9212453     36408.89
     123.000     0.999976      9212492     40960.00
     124.000     0.999979      9212507     46811.43
     126.000     0.999982      9212534     54613.33
     129.000     0.999985      9212559     65536.00
     130.000     0.999986      9212572     72817.78
     131.000     0.999988      9212583     81920.00
     134.000     0.999989      9212600     93622.86
     136.000     0.999991      9212613    109226.67
     138.000     0.999992      9212625    131072.00
     140.000     0.999993      9212633    145635.56
     142.000     0.999994      9212642    163840.00
     143.000     0.999995      9212649    187245.71
     145.000     0.999995      9212654    218453.33
     147.000     0.999996      9212659    262144.00
     148.000     0.999997      9212665    291271.11
     149.000     0.999997      9212667    327680.00
     151.000     0.999997      9212673    374491.43
     151.000     0.999998      9212673    436906.67
     154.000     0.999998      9212678    524288.00
     157.000     0.999998      9212679    582542.22
     158.000     0.999998      9212681    655360.00
     161.000     0.999999      9212683    748982.86
     162.000     0.999999      9212684    873813.33
     165.000     0.999999      9212686   1048576.00
     166.000     0.999999      9212687   1165084.44
     166.000     0.999999      9212687   1310720.00
     168.000     0.999999      9212688   1497965.71
     169.000     0.999999      9212689   1747626.67
     170.000     1.000000      9212691   2097152.00
     170.000     1.000000      9212691   2330168.89
     170.000     1.000000      9212691   2621440.00
     170.000     1.000000      9212691   2995931.43
     178.000     1.000000      9212692   3495253.33
     178.000     1.000000      9212692   4194304.00
     184.000     1.000000      9212693   4660337.78
     184.000     1.000000      9212693   5242880.00
     184.000     1.000000      9212693   5991862.86
     184.000     1.000000      9212693   6990506.67
     184.000     1.000000      9212693   8388608.00
     202.000     1.000000      9212694   9320675.55
     202.000     1.000000      9212694          inf
#[Mean    =        4.832, StdDeviation   =        8.299]
#[Max     =      202.000, Total count    =      9212694]
#[Buckets =           22, SubBuckets     =         2048]
{
    "E_Frequency": 100,
    "Ouroboros_filename": "../data/Ouroboros/n=8.txt",
    "Ouroboros_stats_filename": "../results/Simulator-8-1920000-3717929488.dat",
    "Queue_bound": 10000,
    "average_burst_length": -1,
    "average_burst_length_array": [],
    "frame_number": 1920000,
    "injection_name": "Bernoulli",
    "injection_option": 0,
    "load": 0.6,
    "load_array": [
        0.6
    ],
    "model_name": "",
    "model_option": 3,
    "name": "Simulator",
    "port_number": 8,
    "probability_off": -1,
    "probability_on": -1,
    "seed_for_traffic_generator": 3717929488,
    "type": 0,
    "verbosity_level": 1
}
{
    "arrivals": [
        -1,
        -1,
        -1,
        -1,
        -1,
        -1,
        -1,
        -1
    ],
    "current-timeslot": 0,
    "queue-lengths": [
        [
            0,
            0,
            0,
            0,
            0,
            0,
            0,
            0
        ],
        [
            0,
            0,
            0,
            0,
            0,
            0,
            0,
            0
        ],
        [
            0,
            0,
            0,
            0,
            0,
            0,
            0,
            0
        ],
        [
            0,
            0,
            0,
            0,
            0,
            0,
            0,
            0
        ],
        [
            0,
            0,
            0,
            0,
            0,
            0,
            0,
            0
        ],
        [
            0,
            0,
            0,
            0,
            0,
            0,
            0,
            0
        ],
        [
            0,
            0,
            0,
            0,
            0,
            0,
            0,
            0
        ],
        [
            0,
            0,
            0,
            0,
            0,
            0,
            0,
            0
        ]
    ],
    "schedule": [
        0,
        1,
        2,
        3,
        4,
        5,
        6,
        7
    ]
}
0               -1              0           -1          -1          -1          0             0             0             0             0             0             0             0             0             0             0             0             0             0             0             
#Load Traffic-Mode Throughput      Mean-Delay      Max-Delay   P90-Delay   P95-Delay   P99-Delay   cycles        cycles-ourob  cycles-wrong  cycles-bc     cyc-weights   ocyc-weights  wcyc-weights  CS-1          CS-2          CS-3          CS-4          CS-5          CS-6          CS-7          CS-8          
0.600 3            0.999979        1.13419         62          3           6           15          327693        327693        0             0             356915        356915        0             252019        46845         11643         4549          4356          4413          2940          928           
0.600 3            0.999988        1.13259         62          3           6           15          655390        655390        0             0             712983        712983        0             504039        93805         23190         9147          8617          8874          5832          1886          
0.600 3            0.999997        1.1367          71          3           6           15          982866        982866        0             0             1071098       1071098       0             755934        140419        34772         13788         12977         13343         8823          2810          
0.600 3            0.999995        1.13471         71          3           6           15          1310613       1310613       0             0             1427525       1427525       0             1008430       186967        46146         18401         17373         17716         11783         3797          
0.600 3            0.999997        1.13396         71          3           6           15          1637894       1637894       0             0             1785503       1785503       0             1259907       233937        57612         23029         21720         22142         14745         4802          
0.600 3            0.999998        1.13559         71          3           6           15          1966311       1966311       0             0             2143462       2143462       0             1513004       280734        69046         27513         25944         26601         17652         5817          
0.600 3            0.999998        1.13785         71          3           6           15          2294231       2294231       0             0             2501987       2501987       0             1765009       327799        80769         32073         30327         30960         20505         6789          
0.600 3            0.999998        1.13729         92          3           6           15          2623073       2623073       0             0             2858432       2858432       0             2018196       374926        92270         36610         34562         35398         23384         7727          
0.600 3            0.999997        1.13609         92          3           6           15          2950979       2950979       0             0             3215210       3215210       0             2270673       421515        103914        41100         38964         39803         26339         8671          
0.600 3            0.999998        1.13694         92          3           6           15          3279931       3279931       0             0             3571785       3571785       0             2524497       468120        115433        45576         43242         44245         29244         9574          
0.600 3            0.999999        1.13692         92          3           6           15          3608012       3608012       0             0             3928787       3928787       0             2776926       515106        127038        50112         47515         48667         32133         10515         
0.600 3            0.999999        1.1361          92          3           6           15          3936941       3936941       0             0             4284076       4284076       0             3030575       562039        138283        54748         51749         53014         35099         11434         
0.600 3            0.999999        1.13671         92          3           6           15          4265589       4265589       0             0             4640797       4640797       0             3283534       609205        149771        59331         56091         57355         37950         12352         
0.600 3            0.999998        1.13699         92          3           6           15          4593234       4593234       0             0             4998682       4998682       0             3535534       656218        161199        63929         60341         61720         40988         13305         
0.600 3            0.999999        1.13823         92          3           6           15          4922411       4922411       0             0             5356369       5356369       0             3789339       703062        172770        68556         64663         66033         43806         14182         
0.600 3            0.999999        1.13817         92          3           6           15          5250668       5250668       0             0             5713594       5713594       0             4042049       749994        184181        73168         69021         70395         46711         15149         
0.600 3            0.999999        1.13846         92          3           6           15          5578297       5578297       0             0             6072124       6072124       0             4294302       796578        195652        77815         73286         74802         49740         16122         
0.600 3            0.999999        1.13843         92          3           6           15          5905650       5905650       0             0             6429184       6429184       0             4545875       843590        207172        82432         77516         79255         52689         17121         
0.600 3            0.999999        1.13864         92          3           6           15          6233804       6233804       0             0             6786169       6786169       0             4798405       890489        218712        86970         81844         83689         55609         18086         
0.600 3            0.999999        1.13831         92          3           6           15          6562931       6562931       0             0             7142585       7142585       0             5052340       937097        230173        91586         86183         88058         58500         18994         
0.600 3            0.999999        1.13831         92          3           6           15          6891670       6891670       0             0             7500290       7500290       0             5305944       983526        241722        96149         90414         92640         61332         19943         
0.600 3            1               1.13887         92          3           6           15          7219121       7219121       0             0             7858154       7858154       0             5557768       1030268       253383        100647        94728         97136         64313         20878         
0.600 3            0.999999        1.13896         92          3           6           15          7547137       7547137       0             0             8214781       8214781       0             5810166       1077182       264956        105190        99049         101469        67321         21804         
0.600 3            1               1.13941         92          3           6           15          7874596       7874596       0             0             8572508       8572508       0             6061857       1124126       276530        109718        103374        105944        70313         22734         
0.600 3            0.999999        1.13907         92          3           6           15          8203152       8203152       0             0             8929718       8929718       0             6314678       1171215       288027        114483        107632        110229        73263         23625         
0.600 3            0.999999        1.13959         92          3           6           15          8531858       8531858       0             0             9288203       9288203       0             6567986       1217955       299628        119106        111931        114549        76121         24582         
0.600 3            0.999999        1.13972         92          3           6           15          8859917       8859917       0             0             9645825       9645825       0             6820567       1264595       311318        123619        116229        119037        79074         25478         
0.600 3            0.999999        1.13921         92          3           6           15          9187770       9187770       0             0             10002139      10002139      0             7072702       1311431       322955        128210        120592        123565        81867         26448         
0.600 3            1               1.13925         92          3           6           15          9516274       9516274       0             0             10358964      10358964      0             7325738       1358305       334506        132796        124836        127891        84808         27394         
0.600 3            1               1.13917         92          3           6           15          9844550       9844550       0             0             10715450      10715450      0             7578639       1404899       346096        137488        129092        132256        87761         28319         
0.600 3            1               1.13894         92          3           6           15          10172662      10172662      0             0             11071513      11071513      0             7831215       1451688       357647        142055        133479        136593        90721         29264         
0.600 3            1               1.13889         92          3           6           15          10500905      10500905      0             0             11428526      11428526      0             8083867       1498433       369404        146665        137694        140936        93691         30215         
       Value   Percentile   TotalCount 1/(1-Percentile)

       1.000     0.000000      5996379         1.00
       1.000     0.100000      5996379         1.11
       1.000     0.200000      5996379         1.25
       1.000     0.300000      5996379         1.43
       1.000     0.400000      5996379         1.67
       1.000     0.500000      5996379         2.00
       1.000     0.550000      5996379         2.22
       1.000     0.600000      5996379         2.50
       1.000     0.650000      5996379         2.86
       2.000     0.700000      7650353         3.33
       2.000     0.750000      7650353         4.00
       2.000     0.775000      7650353         4.44
       2.000     0.800000      7650353         5.00
       2.000     0.825000      7650353         5.71
       3.000     0.850000      8170937         6.67
       3.000     0.875000      8170937         8.00
       4.000     0.887500      8421931         8.89
       4.000     0.900000      8421931        10.00
       4.000     0.912500      8421931        11.43
       5.000     0.925000      8575832        13.33
       6.000     0.937500      8687968        16.00
       7.000     0.943750      8776468        17.78
       7.000     0.950000      8776468        20.00
       8.000     0.956250      8848300        22.86
       9.000     0.962500      8908334        26.67
      10.000     0.968750      8958200        32.00
      10.000     0.971875      8958200        35.56
      11.000     0.975000      8999785        40.00
      12.000     0.978125      9034683        45.71
      13.000     0.981250      9063723        53.33
      14.000     0.984375      9087777        64.00
      14.000     0.985938      9087777        71.11
      15.000     0.987500      9107886        80.00
      16.000     0.989062      9124929        91.43
      17.000     0.990625      9139113       106.67
      18.000     0.992188      9151050       128.00
      18.000     0.992969      9151050       142.22
      19.000     0.993750      9161037       160.00
      20.000     0.994531      9169431       182.86
      21.000     0.995313      9176375       213.33
      22.000     0.996094      9182356       256.00
      22.000     0.996484      9182356       284.44
      23.000     0.996875      9187342       320.00
      24.000     0.997266      9191426       365.71
      25.000     0.997656      9194885       426.67
      26.000     0.998047      9197837       512.00
      27.000     0.998242      9200409       568.89
      27.000     0.998437      9200409       640.00
      28.000     0.998633      9202552       731.43
      29.000     0.998828      9204333       853.33
      30.000     0.999023      9205845      1024.00
      31.000     0.999121      9207138      1137.78
      31.000     0.999219      9207138      1280.00
      32.000     0.999316      9208183      1462.86
      33.000     0.999414      9209117      1706.67
      34.000     0.999512      9209879      2048.00
      35.000     0.999561      9210496      2275.56
      36.000     0.999609      9210991      2560.00
      37.000     0.999658      9211467      2925.71
      37.000     0.999707      9211467      3413.33
      39.000     0.999756      9212209      4096.00
      39.000     0.999780      9212209      4551.11
      40.000     0.999805      9212516      5120.00
      41.000     0.999829      9212763      5851.43
      42.000     0.999854      9212971      6826.67
      43.000     0.999878      9213152      8192.00
      43.000     0.999890      9213152      9102.22
      44.000     0.999902      9213304     10240.00
      45.000     0.999915      9213430     11702.86
      46.000     0.999927      9213540     13653.33
      47.000     0.999939      9213631     16384.00
      48.000     0.999945      9213703     18204.44
      48.000     0.999951      9213703     20480.00
      49.000     0.999957      9213777     23405.71
      50.000     0.999963      9213830     27306.67
      51.000     0.999969      9213868     32768.00
      52.000     0.999973      9213910     36408.89
      53.000     0.999976      9213943     40960.00
      54.000     0.999979      9213976     46811.43
      55.000     0.999982      9213988     54613.33
      57.000     0.999985      9214029     65536.00
      57.000     0.999986      9214029     72817.78
      58.000     0.999988      9214053     81920.00
      58.000     0.999989      9214053     93622.86
      60.000     0.999991      9214081    109226.67
      60.000     0.999992      9214081    131072.00
      61.000     0.999993      9214094    145635.56
      61.000     0.999994      9214094    163840.00
      62.000     0.999995      9214107    187245.71
      62.000     0.999995      9214107    218453.33
      63.000     0.999996      9214115    262144.00
      64.000     0.999997      9214119    291271.11
      65.000     0.999997      9214124    327680.00
      66.000     0.999997      9214127    374491.43
      67.000     0.999998      9214134    436906.67
      67.000     0.999998      9214134    524288.00
      67.000     0.999998      9214134    582542.22
      69.000     0.999998      9214135    655360.00
      71.000     0.999999      9214137    748982.86
      72.000     0.999999      9214141    873813.33
      72.000     0.999999      9214141   1048576.00
      73.000     0.999999      9214143   1165084.44
      73.000     0.999999      9214143   1310720.00
      73.000     0.999999      9214143   1497965.71
      74.000     0.999999      9214144   1747626.67
      75.000     1.000000      9214145   2097152.00
      82.000     1.000000      9214146   2330168.89
      82.000     1.000000      9214146   2621440.00
      82.000     1.000000      9214146   2995931.43
      83.000     1.000000      9214147   3495253.33
      83.000     1.000000      9214147   4194304.00
      89.000     1.000000      9214148   4660337.78
      89.000     1.000000      9214148   5242880.00
      89.000     1.000000      9214148   5991862.86
      89.000     1.000000      9214148   6990506.67
      89.000     1.000000      9214148   8388608.00
      93.000     1.000000      9214149   9320675.55
      93.000     1.000000      9214149          inf
#[Mean    =        2.139, StdDeviation   =        2.989]
#[Max     =       93.000, Total count    =      9214149]
#[Buckets =           22, SubBuckets     =         2048]
