
Get seed: 2462143872
{
    "E_Frequency": 100,
    "Ouroboros_filename": "../data/Ouroboros/n=8.txt",
    "Ouroboros_stats_filename": "../results/Simulator-8-1920000-2462143872.dat",
    "Queue_bound": 10000,
    "average_burst_length": -1,
    "average_burst_length_array": [],
    "frame_number": 1920000,
    "injection_name": "Bernoulli",
    "injection_option": 0,
    "load": 0.8,
    "load_array": [
        0.8
    ],
    "model_name": "",
    "model_option": 0,
    "name": "Simulator",
    "port_number": 8,
    "probability_off": -1,
    "probability_on": -1,
    "seed_for_traffic_generator": 2462143872,
    "type": 0,
    "verbosity_level": 1
}
{
    "arrivals": [
        -1,
        -1,
        -1,
        -1,
        -1,
        -1,
        -1,
        -1
    ],
    "current-timeslot": 0,
    "queue-lengths": [
        [
            0,
            0,
            0,
            0,
            0,
            0,
            0,
            0
        ],
        [
            0,
            0,
            0,
            0,
            0,
            0,
            0,
            0
        ],
        [
            0,
            0,
            0,
            0,
            0,
            0,
            0,
            0
        ],
        [
            0,
            0,
            0,
            0,
            0,
            0,
            0,
            0
        ],
        [
            0,
            0,
            0,
            0,
            0,
            0,
            0,
            0
        ],
        [
            0,
            0,
            0,
            0,
            0,
            0,
            0,
            0
        ],
        [
            0,
            0,
            0,
            0,
            0,
            0,
            0,
            0
        ],
        [
            0,
            0,
            0,
            0,
            0,
            0,
            0,
            0
        ]
    ],
    "schedule": [
        0,
        1,
        2,
        3,
        4,
        5,
        6,
        7
    ]
}
0               -1              0           -1          -1          -1          0             0             0             0             0             0             0             0             0             0             0             0             0             0             0             
#Load Traffic-Mode Throughput      Mean-Delay      Max-Delay   P90-Delay   P95-Delay   P99-Delay   cycles        cycles-ourob  cycles-wrong  cycles-bc     cyc-weights   ocyc-weights  wcyc-weights  CS-1          CS-2          CS-3          CS-4          CS-5          CS-6          CS-7          CS-8          
0.800 0            0.999807        10.023          137         25          33          52          161430        161430        0             0             762462        762462        0             60082         29224         19523         14691         11853         9959          8522          7576          
0.800 0            0.999904        10.0249         137         25          33          52          323844        323844        0             0             1523972       1523972       0             120889        58602         39424         29291         23753         20044         16878         14963         
0.800 0            0.999943        10.0533         144         25          33          52          485858        485858        0             0             2287611       2287611       0             181086        88253         59184         43896         35751         30020         25371         22297         
0.800 0            0.999958        10.0832         144         26          34          52          648306        648306        0             0             3053813       3053813       0             241741        117917        78819         58765         47661         40038         33753         29612         
0.800 0            0.999962        10.0771         145         26          34          52          810500        810500        0             0             3816313       3816313       0             301840        147555        98803         73604         59572         50052         42171         36903         
0.800 0            0.999977        10.0727         145         25          34          52          972471        972471        0             0             4577094       4577094       0             361873        177224        118561        88520         71455         60057         50437         44344         
0.800 0            0.999977        10.0746         149         25          34          52          1134348       1134348       0             0             5340196       5340196       0             422296        206501        138059        103679        83227         69810         58962         51814         
0.800 0            0.999982        10.0632         149         25          34          52          1296362       1296362       0             0             6102025       6102025       0             482833        235727        157811        118424        95145         79712         67429         59281         
0.800 0            0.999981        10.0576         149         25          34          52          1458416       1458416       0             0             6862818       6862818       0             543105        265022        177824        133255        107212        89635         75759         66604         
0.800 0            0.999982        10.07           162         25          34          52          1620568       1620568       0             0             7631356       7631356       0             603476        294339        197798        148085        119097        99633         84291         73849         
0.800 0            0.999983        10.0736         162         25          34          52          1782412       1782412       0             0             8397244       8397244       0             663746        323815        217451        162748        130939        109691        92770         81252         
0.800 0            0.999985        10.0765         162         25          34          52          1944789       1944789       0             0             9163412       9163412       0             724087        353645        237317        177629        142797        119575        101191        88548         
0.800 0            0.999989        10.0752         162         25          34          52          2106866       2106866       0             0             9926593       9926593       0             784317        383320        257111        192554        154532        129375        109576        96081         
0.800 0            0.999987        10.0762         165         25          34          52          2268837       2268837       0             0             10690253      10690253      0             844888        412543        276831        207310        166418        139214        118033        103600        
0.800 0            0.999989        10.0793         165         25          34          52          2431248       2431248       0             0             11456724      11456724      0             905555        441865        296599        222397        178251        149123        126519        110939        
0.800 0            0.999988        10.0775         165         25          34          52          2593736       2593736       0             0             12219517      12219517      0             966038        471485        316595        237424        190215        158777        134850        118352        
0.800 0            0.999991        10.0725         165         25          34          52          2755604       2755604       0             0             12979996      12979996      0             1026043       501086        336309        252290        202086        168772        143348        125670        
0.800 0            0.999991        10.0747         165         25          34          52          2917683       2917683       0             0             13744489      13744489      0             1086407       530453        356155        267149        213903        178664        151985        132967        
0.800 0            0.999991        10.0774         165         25          34          52          3079392       3079392       0             0             14508317      14508317      0             1146563       559691        375883        282140        225585        188554        160587        140389        
0.800 0            0.999992        10.0735         165         25          34          52          3241936       3241936       0             0             15268024      15268024      0             1207267       589169        396011        296846        237477        198286        169179        147701        
0.800 0            0.999992        10.0778         165         25          34          52          3404423       3404423       0             0             16036111      16036111      0             1267907       618604        415898        311729        249592        208176        177581        154936        
0.800 0            0.999991        10.0747         165         25          34          52          3567017       3567017       0             0             16797917      16797917      0             1328948       647967        435500        326708        261503        218142        185973        162276        
0.800 0            0.999992        10.077          165         25          34          52          3729077       3729077       0             0             17562837      17562837      0             1389455       677200        455536        341378        273144        228144        194519        169701        
0.800 0            0.999993        10.0734         165         25          34          52          3891567       3891567       0             0             18323874      18323874      0             1450308       706666        475299        356050        285106        238197        202993        176948        
0.800 0            0.999993        10.073          165         25          34          52          4054077       4054077       0             0             19085757      19085757      0             1511020       736329        495092        370700        297129        248228        211303        184276        
0.800 0            0.999993        10.0721         165         25          34          52          4215844       4215844       0             0             19848019      19848019      0             1571514       765446        514771        385353        309059        258058        219838        191805        
0.800 0            0.999995        10.0716         165         25          34          52          4378181       4378181       0             0             20611650      20611650      0             1632248       794733        534525        400314        321003        268019        228106        199233        
0.800 0            0.999995        10.0689         165         25          34          52          4540493       4540493       0             0             21371783      21371783      0             1692852       824254        554169        415263        332868        277981        236497        206609        
0.800 0            0.999994        10.0665         165         25          34          52          4703094       4703094       0             0             22131722      22131722      0             1753603       853879        573946        430256        344747        287808        244958        213897        
0.800 0            0.999995        10.0669         165         25          34          52          4865076       4865076       0             0             22895903      22895903      0             1813644       883489        593727        445146        356789        297715        253254        221312        
0.800 0            0.999995        10.0665         165         25          34          52          5027233       5027233       0             0             23660170      23660170      0             1873791       913187        613480        460132        368724        307568        261729        228622        
0.800 0            0.999996        10.0657         165         25          34          52          5189177       5189177       0             0             24423520      24423520      0             1933882       942824        633167        474997        380691        317448        270146        236022        
       Value   Percentile   TotalCount 1/(1-Percentile)

       1.000     0.000000      2233548         1.00
       1.000     0.100000      2233548         1.11
       2.000     0.200000      3295932         1.25
       3.000     0.300000      4010454         1.43
       5.000     0.400000      5200055         1.67
       7.000     0.500000      6239694         2.00
       9.000     0.550000      7143884         2.22
      10.000     0.600000      7547986         2.50
      12.000     0.650000      8271557         2.86
      14.000     0.700000      8889452         3.33
      16.000     0.750000      9416866         4.00
      17.000     0.775000      9649606         4.44
      18.000     0.800000      9864478         5.00
      20.000     0.825000     10244463         5.71
      22.000     0.850000     10565472         6.67
      24.000     0.875000     10837307         8.00
      25.000     0.887500     10956962         8.89
      26.000     0.900000     11066679        10.00
      28.000     0.912500     11259554        11.43
      30.000     0.925000     11422323        13.33
      32.000     0.937500     11559757        16.00
      33.000     0.943750     11620242        17.78
      35.000     0.950000     11727005        20.00
      36.000     0.956250     11773777        22.86
      38.000     0.962500     11855557        26.67
      40.000     0.968750     11925081        32.00
      41.000     0.971875     11955505        35.56
      43.000     0.975000     12008850        40.00
      44.000     0.978125     12032651        45.71
      46.000     0.981250     12074066        53.33
      48.000     0.984375     12108617        64.00
      49.000     0.985938     12123950        71.11
      50.000     0.987500     12137970        80.00
      52.000     0.989062     12162497        91.43
      54.000     0.990625     12182956       106.67
      56.000     0.992188     12200346       128.00
      57.000     0.992969     12207982       142.22
      58.000     0.993750     12214965       160.00
      60.000     0.994531     12227072       182.86
      62.000     0.995313     12237349       213.33
      64.000     0.996094     12246113       256.00
      65.000     0.996484     12249848       284.44
      66.000     0.996875     12253345       320.00
      68.000     0.997266     12259513       365.71
      69.000     0.997656     12262109       426.67
      71.000     0.998047     12266830       512.00
      73.000     0.998242     12270833       568.89
      74.000     0.998437     12272548       640.00
      75.000     0.998633     12274078       731.43
      77.000     0.998828     12276754       853.33
      79.000     0.999023     12279095      1024.00
      80.000     0.999121     12280125      1137.78
      82.000     0.999219     12281943      1280.00
      83.000     0.999316     12282716      1462.86
      85.000     0.999414     12284008      1706.67
      87.000     0.999512     12285124      2048.00
      88.000     0.999561     12285586      2275.56
      89.000     0.999609     12285992      2560.00
      91.000     0.999658     12286784      2925.71
      92.000     0.999707     12287156      3413.33
      94.000     0.999756     12287722      4096.00
      96.000     0.999780     12288240      4551.11
      97.000     0.999805     12288475      5120.00
      98.000     0.999829     12288686      5851.43
     100.000     0.999854     12289000      6826.67
     102.000     0.999878     12289277      8192.00
     103.000     0.999890     12289398      9102.22
     105.000     0.999902     12289602     10240.00
     106.000     0.999915     12289701     11702.86
     108.000     0.999927     12289866     13653.33
     110.000     0.999939     12289987     16384.00
     111.000     0.999945     12290053     18204.44
     112.000     0.999951     12290109     20480.00
     114.000     0.999957     12290190     23405.71
     116.000     0.999963     12290257     27306.67
     118.000     0.999969     12290338     32768.00
     119.000     0.999973     12290374     36408.89
     120.000     0.999976     12290412     40960.00
     122.000     0.999979     12290460     46811.43
     123.000     0.999982     12290484     54613.33
     125.000     0.999985     12290530     65536.00
     126.000     0.999986     12290546     72817.78
     127.000     0.999988     12290559     81920.00
     129.000     0.999989     12290586     93622.86
     130.000     0.999991     12290601    109226.67
     131.000     0.999992     12290614    131072.00
     133.000     0.999993     12290622    145635.56
     135.000     0.999994     12290635    163840.00
     136.000     0.999995     12290641    187245.71
     138.000     0.999995     12290655    218453.33
     139.000     0.999996     12290660    262144.00
     140.000     0.999997     12290664    291271.11
     142.000     0.999997     12290671    327680.00
     143.000     0.999997     12290673    374491.43
     145.000     0.999998     12290680    436906.67
     146.000     0.999998     12290687    524288.00
     146.000     0.999998     12290687    582542.22
     146.000     0.999998     12290687    655360.00
     147.000     0.999999     12290690    748982.86
     148.000     0.999999     12290692    873813.33
     149.000     0.999999     12290694   1048576.00
     150.000     0.999999     12290696   1165084.44
     150.000     0.999999     12290696   1310720.00
     151.000     0.999999     12290697   1497965.71
     153.000     0.999999     12290698   1747626.67
     156.000     1.000000     12290700   2097152.00
     156.000     1.000000     12290700   2330168.89
     158.000     1.000000     12290701   2621440.00
     158.000     1.000000     12290701   2995931.43
     161.000     1.000000     12290702   3495253.33
     162.000     1.000000     12290703   4194304.00
     162.000     1.000000     12290703   4660337.78
     162.000     1.000000     12290703   5242880.00
     162.000     1.000000     12290703   5991862.86
     163.000     1.000000     12290704   6990506.67
     163.000     1.000000     12290704   8388608.00
     163.000     1.000000     12290704   9320675.55
     163.000     1.000000     12290704  10485760.00
     163.000     1.000000     12290704  11983725.71
     166.000     1.000000     12290705  13981013.34
     166.000     1.000000     12290705          inf
#[Mean    =       11.066, StdDeviation   =       11.678]
#[Max     =      166.000, Total count    =     12290705]
#[Buckets =           22, SubBuckets     =         2048]
{
    "E_Frequency": 100,
    "Ouroboros_filename": "../data/Ouroboros/n=8.txt",
    "Ouroboros_stats_filename": "../results/Simulator-8-1920000-2462143872.dat",
    "Queue_bound": 10000,
    "average_burst_length": -1,
    "average_burst_length_array": [],
    "frame_number": 1920000,
    "injection_name": "Bernoulli",
    "injection_option": 0,
    "load": 0.8,
    "load_array": [
        0.8
    ],
    "model_name": "",
    "model_option": 1,
    "name": "Simulator",
    "port_number": 8,
    "probability_off": -1,
    "probability_on": -1,
    "seed_for_traffic_generator": 2462143872,
    "type": 0,
    "verbosity_level": 1
}
{
    "arrivals": [
        -1,
        -1,
        -1,
        -1,
        -1,
        -1,
        -1,
        -1
    ],
    "current-timeslot": 0,
    "queue-lengths": [
        [
            0,
            0,
            0,
            0,
            0,
            0,
            0,
            0
        ],
        [
            0,
            0,
            0,
            0,
            0,
            0,
            0,
            0
        ],
        [
            0,
            0,
            0,
            0,
            0,
            0,
            0,
            0
        ],
        [
            0,
            0,
            0,
            0,
            0,
            0,
            0,
            0
        ],
        [
            0,
            0,
            0,
            0,
            0,
            0,
            0,
            0
        ],
        [
            0,
            0,
            0,
            0,
            0,
            0,
            0,
            0
        ],
        [
            0,
            0,
            0,
            0,
            0,
            0,
            0,
            0
        ],
        [
            0,
            0,
            0,
            0,
            0,
            0,
            0,
            0
        ]
    ],
    "schedule": [
        0,
        1,
        2,
        3,
        4,
        5,
        6,
        7
    ]
}
0               -1              0           -1          -1          -1          0             0             0             0             0             0             0             0             0             0             0             0             0             0             0             
#Load Traffic-Mode Throughput      Mean-Delay      Max-Delay   P90-Delay   P95-Delay   P99-Delay   cycles        cycles-ourob  cycles-wrong  cycles-bc     cyc-weights   ocyc-weights  wcyc-weights  CS-1          CS-2          CS-3          CS-4          CS-5          CS-6          CS-7          CS-8          
0.800 1            0.999886        6.535           149         17          26          46          218383        218383        0             0             843021        843021        0             125739        30465         18538         14330         11567         9192          6094          2458          
0.800 1            0.999949        6.50997         149         17          26          46          437298        437298        0             0             1681209       1681209       0             252160        60767         37290         28338         23179         18527         12061         4976          
0.800 1            0.999964        6.51383         153         17          26          46          656545        656545        0             0             2520119       2520119       0             378759        91385         55671         42645         34965         27641         18049         7430          
0.800 1            0.999967        6.52668         153         17          26          46          875295        875295        0             0             3364213       3364213       0             505018        121870        74078         56715         46680         36821         24186         9927          
0.800 1            0.999973        6.52761         153         17          26          46          1094250       1094250       0             0             4204168       4204168       0             631570        152299        92435         70826         58512         45988         30169         12451         
0.800 1            0.999984        6.53227         153         17          26          46          1312857       1312857       0             0             5047845       5047845       0             757820        182529        110821        84934         70353         55186         36294         14920         
0.800 1            0.999979        6.53774         153         17          26          46          1532045       1532045       0             0             5890644       5890644       0             884395        213052        129142        99452         82106         64352         42207         17339         
0.800 1            0.999988        6.53845         174         17          26          46          1751344       1751344       0             0             6735507       6735507       0             1011175       243531        147676        113533        93821         73666         48130         19812         
0.800 1            0.999986        6.5426          174         17          26          46          1970105       1970105       0             0             7581520       7581520       0             1137587       273799        165950        127840        105557        82907         54150         22315         
0.800 1            0.999988        6.54514         174         17          26          46          2188739       2188739       0             0             8422888       8422888       0             1263847       304201        184376        141814        117370        92074         60263         24794         
0.800 1            0.99999         6.54447         174         17          26          46          2407855       2407855       0             0             9264450       9264450       0             1390406       334804        202789        156015        129212        101014        66345         27270         
0.800 1            0.99999         6.54248         174         17          26          46          2627062       2627062       0             0             10106458      10106458      0             1517188       365130        221200        170225        141112        110263        72214         29730         
0.800 1            0.999992        6.54289         174         17          26          46          2846077       2846077       0             0             10946650      10946650      0             1643802       395413        239678        184412        152912        119466        78162         32232         
0.800 1            0.999993        6.54142         174         17          26          46          3065160       3065160       0             0             11790939      11790939      0             1770340       425906        258113        198709        164675        128654        84034         34729         
0.800 1            0.999993        6.54349         174         17          26          46          3283581       3283581       0             0             12635203      12635203      0             1896475       456238        276310        212780        176396        138047        90055         37280         
0.800 1            0.999994        6.54631         174         17          26          46          3502327       3502327       0             0             13481987      13481987      0             2022661       486686        294724        226869        188291        147229        96134         39733         
0.800 1            0.999994        6.54631         174         17          26          46          3721013       3721013       0             0             14324930      14324930      0             2148799       517001        313282        241172        199872        156449        102165        42273         
0.800 1            0.999992        6.5456          174         17          26          46          3940543       3940543       0             0             15164146      15164146      0             2275754       547508        331741        255481        211615        165710        108068        44666         
0.800 1            0.999995        6.54641         174         17          26          46          4159070       4159070       0             0             16008322      16008322      0             2401797       577815        350143        269548        223582        174981        114012        47192         
0.800 1            0.999995        6.54532         174         17          26          46          4378068       4378068       0             0             16848364      16848364      0             2528253       608300        368409        283889        235258        184221        120044        49694         
0.800 1            0.999994        6.54517         174         17          26          46          4597101       4597101       0             0             17690740      17690740      0             2654780       638905        386735        297869        247045        193522        126100        52145         
0.800 1            0.999995        6.54589         174         17          26          46          4816958       4816958       0             0             18535086      18535086      0             2782029       669579        405265        311926        258744        202881        131988        54546         
0.800 1            0.999994        6.54448         174         17          26          46          5036097       5036097       0             0             19375141      19375141      0             2908595       700361        423697        325986        270384        212006        138020        57048         
0.800 1            0.999995        6.54502         174         17          26          46          5254739       5254739       0             0             20217887      20217887      0             3034840       730654        442141        340248        282072        221225        144081        59478         
0.800 1            0.999995        6.54468         174         17          26          46          5474019       5474019       0             0             21059673      21059673      0             3161453       761382        460585        354545        293777        230309        150035        61933         
0.800 1            0.999996        6.54269         174         17          26          46          5693048       5693048       0             0             21898082      21898082      0             3287832       791962        479113        368699        305540        239493        156053        64356         
0.800 1            0.999996        6.54554         174         17          26          46          5911842       5911842       0             0             22748715      22748715      0             3414211       822377        497580        382820        317218        248720        162155        66761         
0.800 1            0.999997        6.54395         174         17          26          46          6130924       6130924       0             0             23586665      23586665      0             3540770       852950        516054        396747        329134        257922        168190        69157         
0.800 1            0.999996        6.54083         174         17          26          46          6349819       6349819       0             0             24423146      24423146      0             3667245       883568        534159        410953        340854        267216        174172        71652         
0.800 1            0.999996        6.5409          188         17          26          46          6568822       6568822       0             0             25264236      25264236      0             3793589       914114        552748        425035        352633        276421        180116        74166         
0.800 1            0.999997        6.54176         188         17          26          46          6788210       6788210       0             0             26109351      26109351      0             3920358       944865        570999        439295        364354        285660        186091        76588         
0.800 1            0.999997        6.54395         188         17          26          46          7006399       7006399       0             0             26956940      26956940      0             4045994       975251        589274        453588        376090        294933        192150        79119         
       Value   Percentile   TotalCount 1/(1-Percentile)

       1.000     0.000000      2190150         1.00
       1.000     0.100000      2190150         1.11
       2.000     0.200000      3904577         1.25
       2.000     0.300000      3904577         1.43
       3.000     0.400000      5287712         1.67
       4.000     0.500000      6404185         2.00
       5.000     0.550000      7309048         2.22
       6.000     0.600000      8039341         2.50
       6.000     0.650000      8039341         2.86
       7.000     0.700000      8622796         3.33
       9.000     0.750000      9466310         4.00
      10.000     0.775000      9775129         4.44
      11.000     0.800000     10031628         5.00
      12.000     0.825000     10250236         5.71
      14.000     0.850000     10601828         6.67
      16.000     0.875000     10875049         8.00
      17.000     0.887500     10991318         8.89
      18.000     0.900000     11095852        10.00
      20.000     0.912500     11276328        11.43
      22.000     0.925000     11427764        13.33
      24.000     0.937500     11554925        16.00
      25.000     0.943750     11610478        17.78
      27.000     0.950000     11708582        20.00
      28.000     0.956250     11752453        22.86
      30.000     0.962500     11829904        26.67
      33.000     0.968750     11925626        32.00
      34.000     0.971875     11953183        35.56
      36.000     0.975000     12002036        40.00
      37.000     0.978125     12023435        45.71
      39.000     0.981250     12062082        53.33
      42.000     0.984375     12109780        64.00
      43.000     0.985938     12123356        71.11
      44.000     0.987500     12136230        80.00
      46.000     0.989062     12158488        91.43
      48.000     0.990625     12177588       106.67
      50.000     0.992188     12193845       128.00
      52.000     0.992969     12207941       142.22
      53.000     0.993750     12214141       160.00
      55.000     0.994531     12225198       182.86
      57.000     0.995313     12234714       213.33
      59.000     0.996094     12242808       256.00
      60.000     0.996484     12246345       284.44
      62.000     0.996875     12252678       320.00
      63.000     0.997266     12255457       365.71
      65.000     0.997656     12260433       426.67
      67.000     0.998047     12264755       512.00
      69.000     0.998242     12268411       568.89
      70.000     0.998437     12269999       640.00
      71.000     0.998633     12271534       731.43
      73.000     0.998828     12274151       853.33
      75.000     0.999023     12276356      1024.00
      77.000     0.999121     12278235      1137.78
      78.000     0.999219     12279073      1280.00
      80.000     0.999316     12280544      1462.86
      81.000     0.999414     12281166      1706.67
      83.000     0.999512     12282281      2048.00
      85.000     0.999561     12283230      2275.56
      86.000     0.999609     12283631      2560.00
      88.000     0.999658     12284415      2925.71
      89.000     0.999707     12284725      3413.33
      91.000     0.999756     12285298      4096.00
      93.000     0.999780     12285800      4551.11
      94.000     0.999805     12286021      5120.00
      95.000     0.999829     12286222      5851.43
      97.000     0.999854     12286555      6826.67
      99.000     0.999878     12286835      8192.00
     100.000     0.999890     12286941      9102.22
     102.000     0.999902     12287167     10240.00
     103.000     0.999915     12287277     11702.86
     104.000     0.999927     12287383     13653.33
     107.000     0.999939     12287595     16384.00
     108.000     0.999945     12287666     18204.44
     109.000     0.999951     12287729     20480.00
     110.000     0.999957     12287776     23405.71
     112.000     0.999963     12287861     27306.67
     114.000     0.999969     12287921     32768.00
     115.000     0.999973     12287947     36408.89
     116.000     0.999976     12287985     40960.00
     118.000     0.999979     12288026     46811.43
     119.000     0.999982     12288055     54613.33
     122.000     0.999985     12288101     65536.00
     123.000     0.999986     12288118     72817.78
     124.000     0.999988     12288133     81920.00
     126.000     0.999989     12288152     93622.86
     128.000     0.999991     12288173    109226.67
     131.000     0.999992     12288191    131072.00
     132.000     0.999993     12288195    145635.56
     135.000     0.999994     12288205    163840.00
     137.000     0.999995     12288220    187245.71
     139.000     0.999995     12288227    218453.33
     141.000     0.999996     12288238    262144.00
     141.000     0.999997     12288238    291271.11
     143.000     0.999997     12288243    327680.00
     145.000     0.999997     12288250    374491.43
     146.000     0.999998     12288251    436906.67
     149.000     0.999998     12288258    524288.00
     149.000     0.999998     12288258    582542.22
     150.000     0.999998     12288262    655360.00
     151.000     0.999999     12288264    748982.86
     152.000     0.999999     12288266    873813.33
     154.000     0.999999     12288268   1048576.00
     156.000     0.999999     12288269   1165084.44
     158.000     0.999999     12288270   1310720.00
     160.000     0.999999     12288271   1497965.71
     161.000     0.999999     12288273   1747626.67
     162.000     1.000000     12288274   2097152.00
     162.000     1.000000     12288274   2330168.89
     170.000     1.000000     12288276   2621440.00
     170.000     1.000000     12288276   2995931.43
     170.000     1.000000     12288276   3495253.33
     174.000     1.000000     12288277   4194304.00
     174.000     1.000000     12288277   4660337.78
     174.000     1.000000     12288277   5242880.00
     174.000     1.000000     12288277   5991862.86
     175.000     1.000000     12288278   6990506.67
     175.000     1.000000     12288278   8388608.00
     175.000     1.000000     12288278   9320675.55
     175.000     1.000000     12288278  10485760.00
     175.000     1.000000     12288278  11983725.71
     189.000     1.000000     12288279  13981013.34
     189.000     1.000000     12288279          inf
#[Mean    =        7.544, StdDeviation   =        9.470]
#[Max     =      189.000, Total count    =     12288279]
#[Buckets =           22, SubBuckets     =         2048]
{
    "E_Frequency": 100,
    "Ouroboros_filename": "../data/Ouroboros/n=8.txt",
    "Ouroboros_stats_filename": "../results/Simulator-8-1920000-2462143872.dat",
    "Queue_bound": 10000,
    "average_burst_length": -1,
    "average_burst_length_array": [],
    "frame_number": 1920000,
    "injection_name": "Bernoulli",
    "injection_option": 0,
    "load": 0.8,
    "load_array": [
        0.8
    ],
    "model_name": "",
    "model_option": 2,
    "name": "Simulator",
    "port_number": 8,
    "probability_off": -1,
    "probability_on": -1,
    "seed_for_traffic_generator": 2462143872,
    "type": 0,
    "verbosity_level": 1
}
{
    "arrivals": [
        -1,
        -1,
        -1,
        -1,
        -1,
        -1,
        -1,
        -1
    ],
    "current-timeslot": 0,
    "queue-lengths": [
        [
            0,
            0,
            0,
            0,
            0,
            0,
            0,
            0
        ],
        [
            0,
            0,
            0,
            0,
            0,
            0,
            0,
            0
        ],
        [
            0,
            0,
            0,
            0,
            0,
            0,
            0,
            0
        ],
        [
            0,
            0,
            0,
            0,
            0,
            0,
            0,
            0
        ],
        [
            0,
            0,
            0,
            0,
            0,
            0,
            0,
            0
        ],
        [
            0,
            0,
            0,
            0,
            0,
            0,
            0,
            0
        ],
        [
            0,
            0,
            0,
            0,
            0,
            0,
            0,
            0
        ],
        [
            0,
            0,
            0,
            0,
            0,
            0,
            0,
            0
        ]
    ],
    "schedule": [
        0,
        1,
        2,
        3,
        4,
        5,
        6,
        7
    ]
}
0               -1              0           -1          -1          -1          0             0             0             0             0             0             0             0             0             0             0             0             0             0             0             
#Load Traffic-Mode Throughput      Mean-Delay      Max-Delay   P90-Delay   P95-Delay   P99-Delay   cycles        cycles-ourob  cycles-wrong  cycles-bc     cyc-weights   ocyc-weights  wcyc-weights  CS-1          CS-2          CS-3          CS-4          CS-5          CS-6          CS-7          CS-8          
0.800 2            0.999898        7.14789         150         20          29          48          215459        215459        0             0             784018        784018        0             121517        30101         20129         14777         11382         8624          6140          2789          
0.800 2            0.999948        7.12648         153         20          29          48          430117        430117        0             0             1567951       1567951       0             242113        60253         40034         29566         22810         17538         12207         5596          
0.800 2            0.999951        7.1243          168         20          29          47          644902        644902        0             0             2349382       2349382       0             362785        90533         59990         44286         34269         26313         18372         8354          
0.800 2            0.999966        7.12918         168         20          29          47          859300        859300        0             0             3132963       3132963       0             482908        120728        80040         59162         45720         35121         24458         11163         
0.800 2            0.999977        7.12069         168         20          29          47          1074208       1074208       0             0             3913318       3913318       0             603625        150918        100234        73953         56963         43938         30634         13943         
0.800 2            0.999977        7.12289         168         20          29          47          1288504       1288504       0             0             4696443       4696443       0             723467        181335        120253        89004         68376         52618         36780         16671         
0.800 2            0.999984        7.12901         168         20          29          47          1502758       1502758       0             0             5482479       5482479       0             843468        211699        140125        103762        79796         61508         42997         19403         
0.800 2            0.999986        7.12499         168         20          29          47          1717546       1717546       0             0             6262952       6262952       0             963946        242218        160105        118531        91129         70275         49236         22106         
0.800 2            0.999986        7.12687         168         20          29          47          1933072       1933072       0             0             7045454       7045454       0             1085337       272586        180231        133220        102517        79042         55319         24820         
0.800 2            0.999988        7.1368          168         20          29          47          2147625       2147625       0             0             7834984       7834984       0             1205723       302905        200026        148057        113998        87797         61547         27572         
0.800 2            0.99999         7.12378         168         20          29          47          2362358       2362358       0             0             8609877       8609877       0             1326299       333187        219966        162955        125380        96531         67693         30347         
0.800 2            0.99999         7.12467         168         20          29          47          2577520       2577520       0             0             9391635       9391635       0             1447407       363410        239941        177753        136762        105283        73874         33090         
0.800 2            0.99999         7.12098         168         20          29          47          2791948       2791948       0             0             10170912      10170912      0             1567998       393456        259621        192501        148190        114206        80003         35973         
0.800 2            0.999992        7.12566         168         20          29          47          3006261       3006261       0             0             10957546      10957546      0             1687989       423741        279780        207363        159410        123028        86161         38789         
0.800 2            0.999992        7.12255         168         20          29          47          3221109       3221109       0             0             11736630      11736630      0             1808723       453879        299814        222240        170854        131702        92285         41612         
0.800 2            0.999992        7.12391         168         20          29          47          3435764       3435764       0             0             12522230      12522230      0             1929427       484208        319482        236947        182244        140577        98407         44472         
0.800 2            0.999994        7.11974         168         20          29          47          3650421       3650421       0             0             13301377      13301377      0             2050149       514197        339295        251893        193695        149481        104481        47230         
0.800 2            0.999994        7.11944         168         20          29          47          3864815       3864815       0             0             14082955      14082955      0             2170328       544409        359128        266862        205162        158283        110606        50037         
0.800 2            0.999994        7.11913         168         20          29          47          4079441       4079441       0             0             14865479      14865479      0             2290707       574836        379010        281690        216543        167106        116720        52829         
0.800 2            0.999994        7.1216          168         20          29          47          4294061       4294061       0             0             15649553      15649553      0             2411256       605234        398830        296320        227884        175958        122910        55669         
0.800 2            0.999993        7.11814         168         20          29          47          4509235       4509235       0             0             16427428      16427428      0             2531967       635942        418965        311082        239162        184755        128822        58540         
0.800 2            0.999994        7.12229         168         20          29          47          4723272       4723272       0             0             17216818      17216818      0             2651801       666083        438848        326009        250572        193611        135001        61347         
0.800 2            0.999994        7.12212         168         20          29          47          4937750       4937750       0             0             18001046      18001046      0             2772079       696273        459021        340711        261899        202437        141217        64113         
0.800 2            0.999996        7.11941         168         20          29          47          5152048       5152048       0             0             18782033      18782033      0             2891955       726597        479113        355651        273253        211074        147465        66940         
0.800 2            0.999996        7.11939         168         20          29          47          5366677       5366677       0             0             19565029      19565029      0             3012146       757042        499155        370540        284560        219901        153501        69832         
0.800 2            0.999995        7.11864         168         20          29          47          5581138       5581138       0             0             20348158      20348158      0             3132364       787377        519242        384970        296209        228725        159695        72556         
0.800 2            0.999995        7.11802         168         20          29          47          5795205       5795205       0             0             21131499      21131499      0             3252436       817336        539309        399682        307568        237678        165807        75389         
0.800 2            0.999996        7.11977         168         20          29          47          6009651       6009651       0             0             21917664      21917664      0             3372427       847876        559206        414715        318867        246474        171900        78186         
0.800 2            0.999997        7.12004         168         20          29          47          6224065       6224065       0             0             22701213      22701213      0             3493146       877583        578972        429619        330275        255389        178117        80964         
0.800 2            0.999996        7.11997         168         20          29          47          6439091       6439091       0             0             23485002      23485002      0             3614033       907861        598855        444398        341657        264230        184329        83728         
0.800 2            0.999997        7.11611         168         20          29          47          6653790       6653790       0             0             24261081      24261081      0             3734766       938158        618678        459089        352963        273129        190485        86522         
0.800 2            0.999997        7.11557         168         20          29          47          6868722       6868722       0             0             25042121      25042121      0             3855243       968688        638701        473944        364432        281751        196636        89327         
       Value   Percentile   TotalCount 1/(1-Percentile)

       1.000     0.000000      2476482         1.00
       1.000     0.100000      2476482         1.11
       1.000     0.200000      2476482         1.25
       2.000     0.300000      4230061         1.43
       3.000     0.400000      5543501         1.67
       4.000     0.500000      6544336         2.00
       5.000     0.550000      7321813         2.22
       6.000     0.600000      7927812         2.50
       7.000     0.650000      8405382         2.86
       8.000     0.700000      8787881         3.33
      10.000     0.750000      9371805         4.00
      11.000     0.775000      9605093         4.44
      13.000     0.800000     10001398         5.00
      14.000     0.825000     10174313         5.71
      16.000     0.850000     10480174         6.67
      19.000     0.875000     10861939         8.00
      20.000     0.887500     10971958         8.89
      21.000     0.900000     11074249        10.00
      23.000     0.912500     11256973        11.43
      25.000     0.925000     11413850        13.33
      27.000     0.937500     11548272        16.00
      28.000     0.943750     11607481        17.78
      30.000     0.950000     11713543        20.00
      31.000     0.956250     11760271        22.86
      33.000     0.962500     11843458        26.67
      35.000     0.968750     11914252        32.00
      36.000     0.971875     11945067        35.56
      38.000     0.975000     11999229        40.00
      39.000     0.978125     12023424        45.71
      41.000     0.981250     12065971        53.33
      43.000     0.984375     12101452        64.00
      44.000     0.985938     12117189        71.11
      46.000     0.987500     12144787        80.00
      47.000     0.989062     12156995        91.43
      49.000     0.990625     12178479       106.67
      51.000     0.992188     12196574       128.00
      52.000     0.992969     12204483       142.22
      54.000     0.993750     12218437       160.00
      55.000     0.994531     12224322       182.86
      57.000     0.995313     12234792       213.33
      59.000     0.996094     12243491       256.00
      60.000     0.996484     12247397       284.44
      62.000     0.996875     12254209       320.00
      63.000     0.997266     12257301       365.71
      65.000     0.997656     12262545       426.67
      67.000     0.998047     12266959       512.00
      68.000     0.998242     12268813       568.89
      69.000     0.998437     12270597       640.00
      71.000     0.998633     12273722       731.43
      72.000     0.998828     12275071       853.33
      74.000     0.999023     12277478      1024.00
      75.000     0.999121     12278559      1137.78
      77.000     0.999219     12280350      1280.00
      78.000     0.999316     12281166      1462.86
      80.000     0.999414     12282506      1706.67
      82.000     0.999512     12283658      2048.00
      83.000     0.999561     12284146      2275.56
      84.000     0.999609     12284568      2560.00
      86.000     0.999658     12285413      2925.71
      87.000     0.999707     12285794      3413.33
      89.000     0.999756     12286410      4096.00
      90.000     0.999780     12286647      4551.11
      92.000     0.999805     12287106      5120.00
      93.000     0.999829     12287280      5851.43
      95.000     0.999854     12287610      6826.67
      97.000     0.999878     12287901      8192.00
      98.000     0.999890     12288032      9102.22
      99.000     0.999902     12288140     10240.00
     101.000     0.999915     12288333     11702.86
     103.000     0.999927     12288509     13653.33
     105.000     0.999939     12288634     16384.00
     106.000     0.999945     12288701     18204.44
     107.000     0.999951     12288749     20480.00
     109.000     0.999957     12288849     23405.71
     111.000     0.999963     12288930     27306.67
     112.000     0.999969     12288970     32768.00
     113.000     0.999973     12289004     36408.89
     114.000     0.999976     12289042     40960.00
     116.000     0.999979     12289094     46811.43
     118.000     0.999982     12289125     54613.33
     121.000     0.999985     12289169     65536.00
     122.000     0.999986     12289179     72817.78
     123.000     0.999988     12289196     81920.00
     125.000     0.999989     12289220     93622.86
     126.000     0.999991     12289233    109226.67
     128.000     0.999992     12289251    131072.00
     129.000     0.999993     12289259    145635.56
     130.000     0.999994     12289265    163840.00
     132.000     0.999995     12289274    187245.71
     134.000     0.999995     12289286    218453.33
     137.000     0.999996     12289293    262144.00
     138.000     0.999997     12289297    291271.11
     141.000     0.999997     12289304    327680.00
     142.000     0.999997     12289307    374491.43
     143.000     0.999998     12289311    436906.67
     146.000     0.999998     12289316    524288.00
     147.000     0.999998     12289318    582542.22
     151.000     0.999998     12289323    655360.00
     151.000     0.999999     12289323    748982.86
     153.000     0.999999     12289325    873813.33
     155.000     0.999999     12289329   1048576.00
     155.000     0.999999     12289329   1165084.44
     156.000     0.999999     12289330   1310720.00
     158.000     0.999999     12289331   1497965.71
     159.000     0.999999     12289332   1747626.67
     161.000     1.000000     12289334   2097152.00
     161.000     1.000000     12289334   2330168.89
     164.000     1.000000     12289336   2621440.00
     164.000     1.000000     12289336   2995931.43
     164.000     1.000000     12289336   3495253.33
     165.000     1.000000     12289338   4194304.00
     165.000     1.000000     12289338   4660337.78
     165.000     1.000000     12289338   5242880.00
     165.000     1.000000     12289338   5991862.86
     165.000     1.000000     12289338   6990506.67
     165.000     1.000000     12289338   8388608.00
     165.000     1.000000     12289338   9320675.55
     165.000     1.000000     12289338  10485760.00
     165.000     1.000000     12289338  11983725.71
     169.000     1.000000     12289339  13981013.34
     169.000     1.000000     12289339          inf
#[Mean    =        8.116, StdDeviation   =       10.242]
#[Max     =      169.000, Total count    =     12289339]
#[Buckets =           22, SubBuckets     =         2048]
{
    "E_Frequency": 100,
    "Ouroboros_filename": "../data/Ouroboros/n=8.txt",
    "Ouroboros_stats_filename": "../results/Simulator-8-1920000-2462143872.dat",
    "Queue_bound": 10000,
    "average_burst_length": -1,
    "average_burst_length_array": [],
    "frame_number": 1920000,
    "injection_name": "Bernoulli",
    "injection_option": 0,
    "load": 0.8,
    "load_array": [
        0.8
    ],
    "model_name": "",
    "model_option": 3,
    "name": "Simulator",
    "port_number": 8,
    "probability_off": -1,
    "probability_on": -1,
    "seed_for_traffic_generator": 2462143872,
    "type": 0,
    "verbosity_level": 1
}
{
    "arrivals": [
        -1,
        -1,
        -1,
        -1,
        -1,
        -1,
        -1,
        -1
    ],
    "current-timeslot": 0,
    "queue-lengths": [
        [
            0,
            0,
            0,
            0,
            0,
            0,
            0,
            0
        ],
        [
            0,
            0,
            0,
            0,
            0,
            0,
            0,
            0
        ],
        [
            0,
            0,
            0,
            0,
            0,
            0,
            0,
            0
        ],
        [
            0,
            0,
            0,
            0,
            0,
            0,
            0,
            0
        ],
        [
            0,
            0,
            0,
            0,
            0,
            0,
            0,
            0
        ],
        [
            0,
            0,
            0,
            0,
            0,
            0,
            0,
            0
        ],
        [
            0,
            0,
            0,
            0,
            0,
            0,
            0,
            0
        ],
        [
            0,
            0,
            0,
            0,
            0,
            0,
            0,
            0
        ]
    ],
    "schedule": [
        0,
        1,
        2,
        3,
        4,
        5,
        6,
        7
    ]
}
0               -1              0           -1          -1          -1          0             0             0             0             0             0             0             0             0             0             0             0             0             0             0             
#Load Traffic-Mode Throughput      Mean-Delay      Max-Delay   P90-Delay   P95-Delay   P99-Delay   cycles        cycles-ourob  cycles-wrong  cycles-bc     cyc-weights   ocyc-weights  wcyc-weights  CS-1          CS-2          CS-3          CS-4          CS-5          CS-6          CS-7          CS-8          
0.800 3            0.999964        3.13394         61          9           13          23          309653        309653        0             0             778782        778782        0             228871        44698         14710         7269          5681          4717          2740          967           
0.800 3            0.999973        3.14083         61          9           13          23          619132        619132        0             0             1559170       1559170       0             457443        89645         29242         14603         11358         9379          5583          1879          
0.800 3            0.999987        3.16138         75          9           14          23          928581        928581        0             0             2348171       2348171       0             685823        134469        43954         21959         17233         13969         8406          2768          
0.800 3            0.999986        3.15348         75          9           14          23          1237908       1237908       0             0             3125664       3125664       0             914215        179566        58313         29239         22910         18685         11318         3662          
0.800 3            0.999992        3.15847         75          9           14          23          1546991       1546991       0             0             3912928       3912928       0             1142306       224254        72986         36473         28869         23449         14119         4535          
0.800 3            0.999992        3.16342         77          9           14          23          1856727       1856727       0             0             4699116       4699116       0             1371327       268888        87521         43780         34692         28236         16838         5445          
0.800 3            0.999994        3.1647          77          9           14          23          2166144       2166144       0             0             5482896       5482896       0             1599856       313650        102051        51120         40425         33078         19646         6318          
0.800 3            0.999993        3.16981         77          9           14          23          2476301       2476301       0             0             6272927       6272927       0             1829083       358495        116676        58390         46332         37792         22337         7196          
0.800 3            0.999992        3.16528         77          9           14          23          2786080       2786080       0             0             7052076       7052076       0             2057905       403368        131390        65679         52046         42468         25133         8091          
0.800 3            0.999996        3.15771         77          9           14          23          3094973       3094973       0             0             7824585       7824585       0             2285957       448204        145728        72984         57859         47207         27974         9060          
0.800 3            0.999996        3.15688         77          9           14          23          3403775       3403775       0             0             8606325       8606325       0             2514078       492728        160156        80248         63783         52020         30797         9965          
0.800 3            0.999997        3.16327         77          9           14          23          3713449       3713449       0             0             9398390       9398390       0             2742832       537588        174702        87610         69645         56610         33647         10815         
0.800 3            0.999997        3.16433         77          9           14          23          4022745       4022745       0             0             10182636      10182636      0             2971195       582072        189714        95016         75291         61276         36472         11709         
0.800 3            0.999994        3.16277         77          9           14          23          4332188       4332188       0             0             10962065      10962065      0             3199654       626834        204600        102202        81086         65985         39222         12605         
0.800 3            0.999997        3.1652          81          9           14          23          4641112       4641112       0             0             11749056      11749056      0             3427775       671328        219381        109436        86982         70630         42040         13540         
0.800 3            0.999996        3.16178         81          9           14          23          4950597       4950597       0             0             12523487      12523487      0             3656510       716077        233726        116793        92811         75424         44765         14491         
0.800 3            0.999997        3.16439         81          9           14          23          5260234       5260234       0             0             13314554      13314554      0             3885251       760872        248428        124030        98566         80142         47569         15376         
0.800 3            0.999996        3.16569         81          9           14          23          5569783       5569783       0             0             14101551      14101551      0             4114151       805333        262988        131376        104510        84873         50289         16263         
0.800 3            0.999997        3.17047         81          9           14          23          5878821       5878821       0             0             14898827      14898827      0             4341627       850687        277666        138676        110323        89621         53108         17113         
0.800 3            0.999997        3.16838         81          9           14          23          6188743       6188743       0             0             15678596      15678596      0             4570790       895378        292325        145916        116027        94398         55868         18041         
0.800 3            0.999998        3.17334         81          9           14          23          6498504       6498504       0             0             16478790      16478790      0             4799526       940266        306986        153207        121882        99076         58662         18899         
0.800 3            0.999998        3.17391         81          9           14          23          6808313       6808313       0             0             17264298      17264298      0             5028036       985632        321576        160487        127693        103745        61351         19793         
0.800 3            0.999998        3.17411         81          9           14          23          7117748       7117748       0             0             18049203      18049203      0             5256353       1030734       336144        167785        133442        108455        64117         20718         
0.800 3            0.999998        3.1741          81          9           14          23          7427686       7427686       0             0             18833126      18833126      0             5485531       1075435       350689        175106        139294        113190        66862         21579         
0.800 3            0.999998        3.17213         81          9           14          23          7737221       7737221       0             0             19608278      19608278      0             5714020       1120415       365188        182424        145173        117953        69581         22467         
0.800 3            0.999998        3.17021         81          9           14          23          8047014       8047014       0             0             20384315      20384315      0             5943109       1165167       379658        189652        151015        122707        72334         23372         
0.800 3            0.999998        3.17079         81          9           14          23          8356924       8356924       0             0             21170116      21170116      0             6172356       1209808       394179        196950        156865        127375        75116         24275         
0.800 3            0.999999        3.17169         81          9           14          23          8666462       8666462       0             0             21956076      21956076      0             6400874       1254705       408890        204142        162667        132075        77907         25202         
0.800 3            0.999998        3.17176         104         9           14          23          8976049       8976049       0             0             22740448      22740448      0             6629761       1299312       423368        211583        168483        136758        80672         26112         
0.800 3            0.999998        3.17143         104         9           14          23          9285302       9285302       0             0             23521985      23521985      0             6858262       1344048       437712        218930        174296        141550        83474         27030         
0.800 3            0.999998        3.17082         104         9           14          23          9595459       9595459       0             0             24303052      24303052      0             7087826       1388631       452283        226206        180121        146154        86330         27908         
0.800 3            0.999998        3.171           104         9           14          23          9905371       9905371       0             0             25087740      25087740      0             7316745       1433610       466907        233488        185882        150812        89088         28839         
       Value   Percentile   TotalCount 1/(1-Percentile)

       1.000     0.000000      3641117         1.00
       1.000     0.100000      3641117         1.11
       1.000     0.200000      3641117         1.25
       2.000     0.300000      6192552         1.43
       2.000     0.400000      6192552         1.67
       2.000     0.500000      6192552         2.00
       3.000     0.550000      7975893         2.22
       3.000     0.600000      7975893         2.50
       4.000     0.650000      9098155         2.86
       4.000     0.700000      9098155         3.33
       5.000     0.750000      9803452         4.00
       5.000     0.775000      9803452         4.44
       6.000     0.800000     10259668         5.00
       6.000     0.825000     10259668         5.71
       7.000     0.850000     10576522         6.67
       8.000     0.875000     10815332         8.00
       9.000     0.887500     11009478         8.89
      10.000     0.900000     11175409        10.00
      11.000     0.912500     11319923        11.43
      12.000     0.925000     11448458        13.33
      13.000     0.937500     11562432        16.00
      14.000     0.943750     11662921        17.78
      15.000     0.950000     11751069        20.00
      15.000     0.956250     11751069        22.86
      16.000     0.962500     11828517        26.67
      18.000     0.968750     11954558        32.00
      18.000     0.971875     11954558        35.56
      19.000     0.975000     12004396        40.00
      20.000     0.978125     12047328        45.71
      21.000     0.981250     12084170        53.33
      22.000     0.984375     12115716        64.00
      22.000     0.985938     12115716        71.11
      23.000     0.987500     12142765        80.00
      24.000     0.989062     12165738        91.43
      25.000     0.990625     12185072       106.67
      26.000     0.992188     12201424       128.00
      26.000     0.992969     12201424       142.22
      27.000     0.993750     12215234       160.00
      28.000     0.994531     12227050       182.86
      29.000     0.995313     12236898       213.33
      30.000     0.996094     12245180       256.00
      30.000     0.996484     12245180       284.44
      31.000     0.996875     12252108       320.00
      32.000     0.997266     12257880       365.71
      32.000     0.997656     12257880       426.67
      34.000     0.998047     12266453       512.00
      34.000     0.998242     12266453       568.89
      35.000     0.998437     12269809       640.00
      35.000     0.998633     12269809       731.43
      36.000     0.998828     12272634       853.33
      37.000     0.999023     12275020      1024.00
      38.000     0.999121     12276922      1137.78
      39.000     0.999219     12278557      1280.00
      39.000     0.999316     12278557      1462.86
      40.000     0.999414     12279909      1706.67
      41.000     0.999512     12281023      2048.00
      42.000     0.999561     12281985      2275.56
      42.000     0.999609     12281985      2560.00
      43.000     0.999658     12282798      2925.71
      44.000     0.999707     12283467      3413.33
      45.000     0.999756     12283984      4096.00
      45.000     0.999780     12283984      4551.11
      46.000     0.999805     12284433      5120.00
      47.000     0.999829     12284791      5851.43
      47.000     0.999854     12284791      6826.67
      48.000     0.999878     12285096      8192.00
      49.000     0.999890     12285399      9102.22
      49.000     0.999902     12285399     10240.00
      50.000     0.999915     12285582     11702.86
      51.000     0.999927     12285747     13653.33
      52.000     0.999939     12285890     16384.00
      53.000     0.999945     12286011     18204.44
      53.000     0.999951     12286011     20480.00
      54.000     0.999957     12286105     23405.71
      55.000     0.999963     12286187     27306.67
      56.000     0.999969     12286261     32768.00
      56.000     0.999973     12286261     36408.89
      57.000     0.999976     12286318     40960.00
      57.000     0.999979     12286318     46811.43
      58.000     0.999982     12286364     54613.33
      59.000     0.999985     12286399     65536.00
      60.000     0.999986     12286428     72817.78
      60.000     0.999988     12286428     81920.00
      61.000     0.999989     12286462     93622.86
      61.000     0.999991     12286462    109226.67
      62.000     0.999992     12286488    131072.00
      62.000     0.999993     12286488    145635.56
      63.000     0.999994     12286507    163840.00
      63.000     0.999995     12286507    187245.71
      64.000     0.999995     12286521    218453.33
      65.000     0.999996     12286530    262144.00
      65.000     0.999997     12286530    291271.11
      66.000     0.999997     12286539    327680.00
      67.000     0.999997     12286542    374491.43
      68.000     0.999998     12286546    436906.67
      69.000     0.999998     12286551    524288.00
      69.000     0.999998     12286551    582542.22
      71.000     0.999998     12286554    655360.00
      73.000     0.999999     12286557    748982.86
      74.000     0.999999     12286558    873813.33
      75.000     0.999999     12286562   1048576.00
      75.000     0.999999     12286562   1165084.44
      76.000     0.999999     12286566   1310720.00
      76.000     0.999999     12286566   1497965.71
      76.000     0.999999     12286566   1747626.67
      78.000     1.000000     12286568   2097152.00
      78.000     1.000000     12286568   2330168.89
      78.000     1.000000     12286568   2621440.00
      78.000     1.000000     12286568   2995931.43
      82.000     1.000000     12286570   3495253.33
      82.000     1.000000     12286570   4194304.00
      82.000     1.000000     12286570   4660337.78
      82.000     1.000000     12286570   5242880.00
      82.000     1.000000     12286570   5991862.86
      94.000     1.000000     12286571   6990506.67
      94.000     1.000000     12286571   8388608.00
      94.000     1.000000     12286571   9320675.55
      94.000     1.000000     12286571  10485760.00
      94.000     1.000000     12286571  11983725.71
     105.000     1.000000     12286572  13981013.34
     105.000     1.000000     12286572          inf
#[Mean    =        4.171, StdDeviation   =        4.871]
#[Max     =      105.000, Total count    =     12286572]
#[Buckets =           22, SubBuckets     =         2048]
