Get seed: 3076966573
{
    "abls": [],
    "frame_number": 5120000,
    "injection_name": "Bernoulli",
    "injection_option": 0,
    "loads": [
        0.8
    ],
    "logging_file": "../logging/default_logging.txt",
    "model_name": "",
    "model_option": 0,
    "name": "Simulator",
    "port_number": 16,
    "type": 0
}
{
    "VOQs": [
        [
            0,
            0,
            0,
            0,
            0,
            0,
            0,
            0,
            0,
            0,
            0,
            0,
            0,
            0,
            0,
            0
        ],
        [
            0,
            0,
            0,
            0,
            0,
            0,
            0,
            0,
            0,
            0,
            0,
            0,
            0,
            0,
            0,
            0
        ],
        [
            0,
            0,
            0,
            0,
            0,
            0,
            0,
            0,
            0,
            0,
            0,
            0,
            0,
            0,
            0,
            0
        ],
        [
            0,
            0,
            0,
            0,
            0,
            0,
            0,
            0,
            0,
            0,
            0,
            0,
            0,
            0,
            0,
            0
        ],
        [
            0,
            0,
            0,
            0,
            0,
            0,
            0,
            0,
            0,
            0,
            0,
            0,
            0,
            0,
            0,
            0
        ],
        [
            0,
            0,
            0,
            0,
            0,
            0,
            0,
            0,
            0,
            0,
            0,
            0,
            0,
            0,
            0,
            0
        ],
        [
            0,
            0,
            0,
            0,
            0,
            0,
            0,
            0,
            0,
            0,
            0,
            0,
            0,
            0,
            0,
            0
        ],
        [
            0,
            0,
            0,
            0,
            0,
            0,
            0,
            0,
            0,
            0,
            0,
            0,
            0,
            0,
            0,
            0
        ],
        [
            0,
            0,
            0,
            0,
            0,
            0,
            0,
            0,
            0,
            0,
            0,
            0,
            0,
            0,
            0,
            0
        ],
        [
            0,
            0,
            0,
            0,
            0,
            0,
            0,
            0,
            0,
            0,
            0,
            0,
            0,
            0,
            0,
            0
        ],
        [
            0,
            0,
            0,
            0,
            0,
            0,
            0,
            0,
            0,
            0,
            0,
            0,
            0,
            0,
            0,
            0
        ],
        [
            0,
            0,
            0,
            0,
            0,
            0,
            0,
            0,
            0,
            0,
            0,
            0,
            0,
            0,
            0,
            0
        ],
        [
            0,
            0,
            0,
            0,
            0,
            0,
            0,
            0,
            0,
            0,
            0,
            0,
            0,
            0,
            0,
            0
        ],
        [
            0,
            0,
            0,
            0,
            0,
            0,
            0,
            0,
            0,
            0,
            0,
            0,
            0,
            0,
            0,
            0
        ],
        [
            0,
            0,
            0,
            0,
            0,
            0,
            0,
            0,
            0,
            0,
            0,
            0,
            0,
            0,
            0,
            0
        ],
        [
            0,
            0,
            0,
            0,
            0,
            0,
            0,
            0,
            0,
            0,
            0,
            0,
            0,
            0,
            0,
            0
        ]
    ],
    "arrivals": [
        -1,
        -1,
        -1,
        -1,
        -1,
        -1,
        -1,
        -1,
        -1,
        -1,
        -1,
        -1,
        -1,
        -1,
        -1,
        -1
    ],
    "current_time": 0,
    "schedule": [
        0,
        1,
        2,
        3,
        4,
        5,
        6,
        7,
        8,
        9,
        10,
        11,
        12,
        13,
        14,
        15
    ]
}
{
    "arrivals": 0.0,
    "delay_counter": 0.0,
    "departures": 0.0,
    "max_delay": 0,
    "mean_delay": 0.0,
    "sum_delay": 0.0
}
       Value   Percentile   TotalCount 1/(1-Percentile)

       0.000     1.000000            0          inf
#[Mean    =         -nan, StdDeviation   =         -nan]
#[Max     =        0.000, Total count    =            0]
#[Buckets =           22, SubBuckets     =         2048]
#Load Traffic-Mode Throughput  Mean-Delay      Max-Delay   Mean-Delay-HDR  Max-Delay-HDR Delay-STD-HDR  P90-Delay   P95-Delay   P99-Delay   
0.80  0            0.9998      39.8218         445         39.8218         445           41.9091        98          125         181         
0.80  0            0.9999      39.9090         476         39.9090         476           41.9401        98          125         181         
0.80  0            0.9999      39.9411         476         39.9411         476           41.9664        98          125         181         
0.80  0            0.9999      39.9317         476         39.9317         476           41.9586        98          125         181         
0.80  0            0.9999      39.9504         483         39.9504         483           41.9936        98          125         181         
0.80  0            1.0000      39.9480         494         39.9480         494           41.9909        98          125         181         
0.80  0            1.0000      39.9540         514         39.9540         514           41.9952        98          125         181         
0.80  0            1.0000      39.9169         514         39.9169         514           41.9554        98          125         181         
0.80  0            1.0000      39.9511         514         39.9511         514           41.9940        98          125         181         
0.80  0            1.0000      39.9504         547         39.9504         547           41.9978        98          125         181         
0.80  0            1.0000      39.9672         547         39.9672         547           42.0157        99          125         181         
0.80  0            1.0000      39.9799         547         39.9799         547           42.0240        99          125         181         
0.80  0            1.0000      39.9880         547         39.9880         547           42.0276        99          125         181         
0.80  0            1.0000      39.9922         547         39.9922         547           42.0331        99          125         181         
0.80  0            1.0000      39.9799         547         39.9799         547           42.0257        99          125         181         
0.80  0            1.0000      39.9738         547         39.9738         547           42.0192        99          125         181         
0.80  0            1.0000      39.9825         547         39.9825         547           42.0241        99          125         181         
0.80  0            1.0000      39.9928         547         39.9928         547           42.0298        99          125         181         
0.80  0            1.0000      40.0008         547         40.0008         547           42.0395        99          125         181         
0.80  0            1.0000      39.9979         547         39.9979         547           42.0373        99          125         181         
0.80  0            1.0000      39.9933         547         39.9933         547           42.0347        99          125         181         
0.80  0            1.0000      39.9892         547         39.9892         547           42.0283        99          125         181         
0.80  0            1.0000      39.9963         547         39.9963         547           42.0354        99          125         181         
0.80  0            1.0000      39.9831         547         39.9831         547           42.0233        99          125         181         
0.80  0            1.0000      39.9832         547         39.9832         547           42.0230        99          125         181         
0.80  0            1.0000      39.9876         547         39.9876         547           42.0248        99          125         181         
0.80  0            1.0000      39.9789         547         39.9789         547           42.0194        99          125         181         
0.80  0            1.0000      39.9773         557         39.9773         557           42.0232        99          125         181         
0.80  0            1.0000      39.9769         557         39.9769         557           42.0281        99          125         181         
0.80  0            1.0000      39.9761         557         39.9761         557           42.0252        99          125         181         
0.80  0            1.0000      39.9733         557         39.9733         557           42.0219        99          125         181         
0.80  0            1.0000      39.9744         557         39.9744         557           42.0237        99          125         181         
       Value   Percentile   TotalCount 1/(1-Percentile)

       1.000     0.000000      6993691         1.00
       1.000     0.100000      6993691         1.11
       6.000     0.200000     14026775         1.25
      12.000     0.300000     20185815         1.43
      19.000     0.400000     26444472         1.67
      28.000     0.500000     33216336         2.00
      33.000     0.550000     36452885         2.22
      38.000     0.600000     39367807         2.50
      45.000     0.650000     42986452         2.86
      52.000     0.700000     46128288         3.33
      60.000     0.750000     49234629         4.00
      65.000     0.775000     50943481         4.44
      70.000     0.800000     52493569         5.00
      76.000     0.825000     54163012         5.71
      83.000     0.850000     55871673         6.67
      90.000     0.875000     57357375         8.00
      95.000     0.887500     58292625         8.89
     100.000     0.900000     59133300        10.00
     105.000     0.912500     59887338        11.43
     111.000     0.925000     60688123        13.33
     118.000     0.937500     61495117        16.00
     122.000     0.943750     61900197        17.78
     126.000     0.950000     62268471        20.00
     131.000     0.956250     62681788        22.86
     137.000     0.962500     63114791        26.67
     143.000     0.968750     63488095        32.00
     147.000     0.971875     63706854        35.56
     151.000     0.975000     63903765        40.00
     156.000     0.978125     64122397        45.71
     161.000     0.981250     64313886        53.33
     167.000     0.984375     64511104        64.00
     171.000     0.985938     64626139        71.11
     175.000     0.987500     64728813        80.00
     179.000     0.989062     64820611        91.43
     184.000     0.990625     64922114       106.67
     190.000     0.992188     65025765       128.00
     194.000     0.992969     65085203       142.22
     197.000     0.993750     65125072       160.00
     202.000     0.994531     65184686       182.86
     206.000     0.995313     65226151       213.33
     212.000     0.996094     65279800       256.00
     215.000     0.996484     65302999       284.44
     219.000     0.996875     65331155       320.00
     223.000     0.997266     65356028       365.71
     228.000     0.997656     65382826       426.67
     233.000     0.998047     65405488       512.00
     236.000     0.998242     65417527       568.89
     240.000     0.998437     65432123       640.00
     244.000     0.998633     65444803       731.43
     248.000     0.998828     65455899       853.33
     254.000     0.999023     65469971      1024.00
     257.000     0.999121     65476104      1137.78
     260.000     0.999219     65481634      1280.00
     264.000     0.999316     65488164      1462.86
     269.000     0.999414     65495108      1706.67
     274.000     0.999512     65501235      2048.00
     277.000     0.999561     65504383      2275.56
     280.000     0.999609     65507238      2560.00
     284.000     0.999658     65510588      2925.71
     288.000     0.999707     65513503      3413.33
     293.000     0.999756     65516611      4096.00
     296.000     0.999780     65518217      4551.11
     299.000     0.999805     65519686      5120.00
     303.000     0.999829     65521323      5851.43
     307.000     0.999854     65522829      6826.67
     313.000     0.999878     65524657      8192.00
     316.000     0.999890     65525444      9102.22
     319.000     0.999902     65526166     10240.00
     323.000     0.999915     65526970     11702.86
     327.000     0.999927     65527722     13653.33
     332.000     0.999939     65528533     16384.00
     334.000     0.999945     65528822     18204.44
     338.000     0.999951     65529319     20480.00
     341.000     0.999957     65529665     23405.71
     345.000     0.999963     65530075     27306.67
     350.000     0.999969     65530454     32768.00
     353.000     0.999973     65530668     36408.89
     356.000     0.999976     65530868     40960.00
     359.000     0.999979     65531032     46811.43
     363.000     0.999982     65531234     54613.33
     368.000     0.999985     65531422     65536.00
     371.000     0.999986     65531542     72817.78
     374.000     0.999988     65531644     81920.00
     377.000     0.999989     65531725     93622.86
     381.000     0.999991     65531835    109226.67
     386.000     0.999992     65531931    131072.00
     389.000     0.999993     65531978    145635.56
     392.000     0.999994     65532024    163840.00
     395.000     0.999995     65532071    187245.71
     400.000     0.999995     65532130    218453.33
     404.000     0.999996     65532181    262144.00
     406.000     0.999997     65532196    291271.11
     411.000     0.999997     65532226    327680.00
     414.000     0.999997     65532248    374491.43
     419.000     0.999998     65532271    436906.67
     425.000     0.999998     65532295    524288.00
     428.000     0.999998     65532313    582542.22
     430.000     0.999998     65532321    655360.00
     434.000     0.999999     65532333    748982.86
     438.000     0.999999     65532345    873813.33
     445.000     0.999999     65532357   1048576.00
     448.000     0.999999     65532363   1165084.44
     457.000     0.999999     65532370   1310720.00
     461.000     0.999999     65532377   1497965.71
     466.000     0.999999     65532383   1747626.67
     471.000     1.000000     65532389   2097152.00
     475.000     1.000000     65532391   2330168.89
     478.000     1.000000     65532395   2621440.00
     483.000     1.000000     65532398   2995931.43
     488.000     1.000000     65532401   3495253.33
     490.000     1.000000     65532405   4194304.00
     490.000     1.000000     65532405   4660337.78
     494.000     1.000000     65532407   5242880.00
     500.000     1.000000     65532409   5991862.86
     506.000     1.000000     65532410   6990506.67
     520.000     1.000000     65532412   8388608.00
     520.000     1.000000     65532412   9320675.55
     531.000     1.000000     65532413  10485760.00
     532.000     1.000000     65532414  11983725.71
     543.000     1.000000     65532415  13981013.34
     544.000     1.000000     65532416  16777216.00
     544.000     1.000000     65532416  18641351.10
     544.000     1.000000     65532416  20971519.98
     545.000     1.000000     65532417  23967451.45
     545.000     1.000000     65532417  27962026.68
     548.000     1.000000     65532418  33554432.00
     548.000     1.000000     65532418  37282702.28
     548.000     1.000000     65532418  41943039.96
     548.000     1.000000     65532418  47934902.91
     548.000     1.000000     65532418  55924053.19
     558.000     1.000000     65532419  67108864.00
     558.000     1.000000     65532419          inf
#[Mean    =       40.974, StdDeviation   =       42.024]
#[Max     =      558.000, Total count    =     65532419]
#[Buckets =           22, SubBuckets     =         2048]
reset:: start ...
reset:: A ...
reset:: Q ...
reset:: B ...
reset:: S ...
reset:: instruments ...
reset histogram ...
{
    "abls": [],
    "frame_number": 5120000,
    "injection_name": "Bernoulli",
    "injection_option": 0,
    "loads": [
        0.8
    ],
    "logging_file": "../logging/default_logging.txt",
    "model_name": "",
    "model_option": 1,
    "name": "Simulator",
    "port_number": 16,
    "type": 0
}
{
    "VOQs": [
        [
            0,
            0,
            0,
            0,
            0,
            0,
            0,
            0,
            0,
            0,
            0,
            0,
            0,
            0,
            0,
            0
        ],
        [
            0,
            0,
            0,
            0,
            0,
            0,
            0,
            0,
            0,
            0,
            0,
            0,
            0,
            0,
            0,
            0
        ],
        [
            0,
            0,
            0,
            0,
            0,
            0,
            0,
            0,
            0,
            0,
            0,
            0,
            0,
            0,
            0,
            0
        ],
        [
            0,
            0,
            0,
            0,
            0,
            0,
            0,
            0,
            0,
            0,
            0,
            0,
            0,
            0,
            0,
            0
        ],
        [
            0,
            0,
            0,
            0,
            0,
            0,
            0,
            0,
            0,
            0,
            0,
            0,
            0,
            0,
            0,
            0
        ],
        [
            0,
            0,
            0,
            0,
            0,
            0,
            0,
            0,
            0,
            0,
            0,
            0,
            0,
            0,
            0,
            0
        ],
        [
            0,
            0,
            0,
            0,
            0,
            0,
            0,
            0,
            0,
            0,
            0,
            0,
            0,
            0,
            0,
            0
        ],
        [
            0,
            0,
            0,
            0,
            0,
            0,
            0,
            0,
            0,
            0,
            0,
            0,
            0,
            0,
            0,
            0
        ],
        [
            0,
            0,
            0,
            0,
            0,
            0,
            0,
            0,
            0,
            0,
            0,
            0,
            0,
            0,
            0,
            0
        ],
        [
            0,
            0,
            0,
            0,
            0,
            0,
            0,
            0,
            0,
            0,
            0,
            0,
            0,
            0,
            0,
            0
        ],
        [
            0,
            0,
            0,
            0,
            0,
            0,
            0,
            0,
            0,
            0,
            0,
            0,
            0,
            0,
            0,
            0
        ],
        [
            0,
            0,
            0,
            0,
            0,
            0,
            0,
            0,
            0,
            0,
            0,
            0,
            0,
            0,
            0,
            0
        ],
        [
            0,
            0,
            0,
            0,
            0,
            0,
            0,
            0,
            0,
            0,
            0,
            0,
            0,
            0,
            0,
            0
        ],
        [
            0,
            0,
            0,
            0,
            0,
            0,
            0,
            0,
            0,
            0,
            0,
            0,
            0,
            0,
            0,
            0
        ],
        [
            0,
            0,
            0,
            0,
            0,
            0,
            0,
            0,
            0,
            0,
            0,
            0,
            0,
            0,
            0,
            0
        ],
        [
            0,
            0,
            0,
            0,
            0,
            0,
            0,
            0,
            0,
            0,
            0,
            0,
            0,
            0,
            0,
            0
        ]
    ],
    "arrivals": [
        -1,
        -1,
        -1,
        -1,
        -1,
        -1,
        -1,
        -1,
        -1,
        -1,
        -1,
        -1,
        -1,
        -1,
        -1,
        -1
    ],
    "current_time": 5119999,
    "schedule": [
        0,
        1,
        2,
        3,
        4,
        5,
        6,
        7,
        8,
        9,
        10,
        11,
        12,
        13,
        14,
        15
    ]
}
{
    "arrivals": 0.0,
    "delay_counter": 0.0,
    "departures": 0.0,
    "max_delay": 0,
    "mean_delay": 0.0,
    "sum_delay": 0.0
}
       Value   Percentile   TotalCount 1/(1-Percentile)

       0.000     1.000000            0          inf
#[Mean    =         -nan, StdDeviation   =         -nan]
#[Max     =        0.000, Total count    =            0]
#[Buckets =           22, SubBuckets     =         2048]
#Load Traffic-Mode Throughput  Mean-Delay      Max-Delay   Mean-Delay-HDR  Max-Delay-HDR Delay-STD-HDR  P90-Delay   P95-Delay   P99-Delay   
0.80  1            0.9999      9.2635          384         9.2635          384           17.7661        22          40          93          
0.80  1            1.0000      9.2838          395         9.2838          395           17.8622        22          40          93          
0.80  1            1.0000      9.2748          395         9.2748          395           17.8418        22          40          93          
0.80  1            1.0000      9.2743          395         9.2743          395           17.8526        22          40          93          
0.80  1            1.0000      9.2811          395         9.2811          395           17.8598        22          40          93          
0.80  1            1.0000      9.2721          395         9.2721          395           17.8290        22          40          93          
0.80  1            1.0000      9.2703          410         9.2703          410           17.8198        22          40          93          
0.80  1            1.0000      9.2699          410         9.2699          410           17.8214        22          40          93          
0.80  1            1.0000      9.2701          410         9.2701          410           17.8237        22          40          93          
0.80  1            1.0000      9.2716          410         9.2716          410           17.8254        22          40          93          
0.80  1            1.0000      9.2690          416         9.2690          416           17.8167        22          40          93          
0.80  1            1.0000      9.2671          416         9.2671          416           17.8161        22          40          93          
0.80  1            1.0000      9.2663          416         9.2663          416           17.8233        22          40          93          
0.80  1            1.0000      9.2663          416         9.2663          416           17.8243        22          40          93          
0.80  1            1.0000      9.2664          416         9.2664          416           17.8269        22          40          93          
0.80  1            1.0000      9.2685          416         9.2685          416           17.8274        22          40          93          
0.80  1            1.0000      9.2673          416         9.2673          416           17.8241        22          40          93          
0.80  1            1.0000      9.2632          416         9.2632          416           17.8119        22          40          93          
0.80  1            1.0000      9.2639          416         9.2639          416           17.8089        22          40          93          
0.80  1            1.0000      9.2650          416         9.2650          416           17.8131        22          40          93          
0.80  1            1.0000      9.2665          416         9.2665          416           17.8201        22          40          93          
0.80  1            1.0000      9.2678          416         9.2678          416           17.8194        22          40          93          
0.80  1            1.0000      9.2681          416         9.2681          416           17.8181        22          40          93          
0.80  1            1.0000      9.2675          416         9.2675          416           17.8146        22          40          93          
0.80  1            1.0000      9.2691          416         9.2691          416           17.8163        22          40          93          
0.80  1            1.0000      9.2680          416         9.2680          416           17.8128        22          40          93          
0.80  1            1.0000      9.2672          416         9.2672          416           17.8136        22          40          93          
0.80  1            1.0000      9.2664          416         9.2664          416           17.8149        22          40          93          
0.80  1            1.0000      9.2675          416         9.2675          416           17.8168        22          40          93          
0.80  1            1.0000      9.2673          416         9.2673          416           17.8173        22          40          93          
0.80  1            1.0000      9.2677          438         9.2677          438           17.8213        22          40          93          
0.80  1            1.0000      9.2678          438         9.2678          438           17.8233        22          40          93          
       Value   Percentile   TotalCount 1/(1-Percentile)

       1.000     0.000000     11111333         1.00
       1.000     0.100000     11111333         1.11
       2.000     0.200000     18791598         1.25
       3.000     0.300000     25480168         1.43
       4.000     0.400000     31357116         1.67
       5.000     0.500000     36359635         2.00
       5.000     0.550000     36359635         2.22
       6.000     0.600000     40501280         2.50
       7.000     0.650000     43869541         2.86
       8.000     0.700000     46572337         3.33
      10.000     0.750000     50474425         4.00
      11.000     0.775000     51887888         4.44
      12.000     0.800000     53049994         5.00
      14.000     0.825000     54845105         5.71
      16.000     0.850000     56173860         6.67
      19.000     0.875000     57650831         8.00
      21.000     0.887500     58418068         8.89
      23.000     0.900000     59064189        10.00
      26.000     0.912500     59868681        11.43
      30.000     0.925000     60721789        13.33
      35.000     0.937500     61547073        16.00
      38.000     0.943750     61950190        17.78
      41.000     0.950000     62301368        20.00
      45.000     0.956250     62702713        22.86
      50.000     0.962500     63121680        26.67
      56.000     0.968750     63532495        32.00
      59.000     0.971875     63707153        35.56
      63.000     0.975000     63915434        40.00
      68.000     0.978125     64139844        45.71
      73.000     0.981250     64331858        53.33
      79.000     0.984375     64525813        64.00
      83.000     0.985938     64636862        71.11
      87.000     0.987500     64735802        80.00
      91.000     0.989062     64823586        91.43
      97.000     0.990625     64937417       106.67
     103.000     0.992188     65033047       128.00
     106.000     0.992969     65075046       142.22
     110.000     0.993750     65126149       160.00
     115.000     0.994531     65181933       182.86
     120.000     0.995313     65230977       213.33
     126.000     0.996094     65280546       256.00
     130.000     0.996484     65309514       284.44
     134.000     0.996875     65335134       320.00
     138.000     0.997266     65358019       365.71
     143.000     0.997656     65383351       426.67
     149.000     0.998047     65409221       512.00
     152.000     0.998242     65420616       568.89
     156.000     0.998437     65434190       640.00
     160.000     0.998633     65446155       731.43
     165.000     0.998828     65459406       853.33
     170.000     0.999023     65470801      1024.00
     174.000     0.999121     65478656      1137.78
     177.000     0.999219     65483930      1280.00
     181.000     0.999316     65490253      1462.86
     186.000     0.999414     65497043      1706.67
     191.000     0.999512     65502764      2048.00
     195.000     0.999561     65506712      2275.56
     198.000     0.999609     65509417      2560.00
     202.000     0.999658     65512696      2925.71
     206.000     0.999707     65515535      3413.33
     212.000     0.999756     65519102      4096.00
     215.000     0.999780     65520706      4551.11
     218.000     0.999805     65522075      5120.00
     222.000     0.999829     65523730      5851.43
     226.000     0.999854     65525177      6826.67
     231.000     0.999878     65526785      8192.00
     234.000     0.999890     65527631      9102.22
     237.000     0.999902     65528390     10240.00
     241.000     0.999915     65529213     11702.86
     245.000     0.999927     65530010     13653.33
     250.000     0.999939     65530767     16384.00
     252.000     0.999945     65531037     18204.44
     256.000     0.999951     65531534     20480.00
     259.000     0.999957     65531833     23405.71
     263.000     0.999963     65532246     27306.67
     268.000     0.999969     65532660     32768.00
     271.000     0.999973     65532873     36408.89
     274.000     0.999976     65533032     40960.00
     278.000     0.999979     65533248     46811.43
     282.000     0.999982     65533447     54613.33
     286.000     0.999985     65533632     65536.00
     289.000     0.999986     65533746     72817.78
     292.000     0.999988     65533838     81920.00
     296.000     0.999989     65533953     93622.86
     300.000     0.999991     65534050    109226.67
     304.000     0.999992     65534130    131072.00
     307.000     0.999993     65534193    145635.56
     310.000     0.999994     65534238    163840.00
     313.000     0.999995     65534280    187245.71
     317.000     0.999995     65534331    218453.33
     322.000     0.999996     65534390    262144.00
     325.000     0.999997     65534410    291271.11
     328.000     0.999997     65534436    327680.00
     331.000     0.999997     65534460    374491.43
     334.000     0.999998     65534483    436906.67
     338.000     0.999998     65534505    524288.00
     343.000     0.999998     65534519    582542.22
     345.000     0.999998     65534530    655360.00
     349.000     0.999999     65534543    748982.86
     355.000     0.999999     65534555    873813.33
     359.000     0.999999     65534570   1048576.00
     361.000     0.999999     65534573   1165084.44
     364.000     0.999999     65534580   1310720.00
     368.000     0.999999     65534586   1497965.71
     372.000     0.999999     65534593   1747626.67
     375.000     1.000000     65534599   2097152.00
     376.000     1.000000     65534601   2330168.89
     379.000     1.000000     65534605   2621440.00
     382.000     1.000000     65534608   2995931.43
     385.000     1.000000     65534611   3495253.33
     388.000     1.000000     65534614   4194304.00
     390.000     1.000000     65534615   4660337.78
     392.000     1.000000     65534617   5242880.00
     395.000     1.000000     65534619   5991862.86
     396.000     1.000000     65534620   6990506.67
     400.000     1.000000     65534622   8388608.00
     400.000     1.000000     65534622   9320675.55
     401.000     1.000000     65534623  10485760.00
     410.000     1.000000     65534624  11983725.71
     411.000     1.000000     65534625  13981013.34
     415.000     1.000000     65534627  16777216.00
     415.000     1.000000     65534627  18641351.10
     415.000     1.000000     65534627  20971519.98
     415.000     1.000000     65534627  23967451.45
     415.000     1.000000     65534627  27962026.68
     417.000     1.000000     65534628  33554432.00
     417.000     1.000000     65534628  37282702.28
     417.000     1.000000     65534628  41943039.96
     417.000     1.000000     65534628  47934902.91
     417.000     1.000000     65534628  55924053.19
     439.000     1.000000     65534629  67108864.00
     439.000     1.000000     65534629          inf
#[Mean    =       10.268, StdDeviation   =       17.823]
#[Max     =      439.000, Total count    =     65534629]
#[Buckets =           22, SubBuckets     =         2048]
reset:: start ...
reset:: A ...
reset:: Q ...
reset:: B ...
reset:: S ...
reset:: instruments ...
reset histogram ...
{
    "abls": [],
    "frame_number": 5120000,
    "injection_name": "Bernoulli",
    "injection_option": 0,
    "loads": [
        0.8
    ],
    "logging_file": "../logging/default_logging.txt",
    "model_name": "",
    "model_option": 2,
    "name": "Simulator",
    "port_number": 16,
    "type": 0
}
{
    "VOQs": [
        [
            0,
            0,
            0,
            0,
            0,
            0,
            0,
            0,
            0,
            0,
            0,
            0,
            0,
            0,
            0,
            0
        ],
        [
            0,
            0,
            0,
            0,
            0,
            0,
            0,
            0,
            0,
            0,
            0,
            0,
            0,
            0,
            0,
            0
        ],
        [
            0,
            0,
            0,
            0,
            0,
            0,
            0,
            0,
            0,
            0,
            0,
            0,
            0,
            0,
            0,
            0
        ],
        [
            0,
            0,
            0,
            0,
            0,
            0,
            0,
            0,
            0,
            0,
            0,
            0,
            0,
            0,
            0,
            0
        ],
        [
            0,
            0,
            0,
            0,
            0,
            0,
            0,
            0,
            0,
            0,
            0,
            0,
            0,
            0,
            0,
            0
        ],
        [
            0,
            0,
            0,
            0,
            0,
            0,
            0,
            0,
            0,
            0,
            0,
            0,
            0,
            0,
            0,
            0
        ],
        [
            0,
            0,
            0,
            0,
            0,
            0,
            0,
            0,
            0,
            0,
            0,
            0,
            0,
            0,
            0,
            0
        ],
        [
            0,
            0,
            0,
            0,
            0,
            0,
            0,
            0,
            0,
            0,
            0,
            0,
            0,
            0,
            0,
            0
        ],
        [
            0,
            0,
            0,
            0,
            0,
            0,
            0,
            0,
            0,
            0,
            0,
            0,
            0,
            0,
            0,
            0
        ],
        [
            0,
            0,
            0,
            0,
            0,
            0,
            0,
            0,
            0,
            0,
            0,
            0,
            0,
            0,
            0,
            0
        ],
        [
            0,
            0,
            0,
            0,
            0,
            0,
            0,
            0,
            0,
            0,
            0,
            0,
            0,
            0,
            0,
            0
        ],
        [
            0,
            0,
            0,
            0,
            0,
            0,
            0,
            0,
            0,
            0,
            0,
            0,
            0,
            0,
            0,
            0
        ],
        [
            0,
            0,
            0,
            0,
            0,
            0,
            0,
            0,
            0,
            0,
            0,
            0,
            0,
            0,
            0,
            0
        ],
        [
            0,
            0,
            0,
            0,
            0,
            0,
            0,
            0,
            0,
            0,
            0,
            0,
            0,
            0,
            0,
            0
        ],
        [
            0,
            0,
            0,
            0,
            0,
            0,
            0,
            0,
            0,
            0,
            0,
            0,
            0,
            0,
            0,
            0
        ],
        [
            0,
            0,
            0,
            0,
            0,
            0,
            0,
            0,
            0,
            0,
            0,
            0,
            0,
            0,
            0,
            0
        ]
    ],
    "arrivals": [
        -1,
        -1,
        -1,
        -1,
        -1,
        -1,
        -1,
        -1,
        -1,
        -1,
        -1,
        -1,
        -1,
        -1,
        -1,
        -1
    ],
    "current_time": 5119999,
    "schedule": [
        0,
        1,
        2,
        3,
        4,
        5,
        6,
        7,
        8,
        9,
        10,
        11,
        12,
        13,
        14,
        15
    ]
}
{
    "arrivals": 0.0,
    "delay_counter": 0.0,
    "departures": 0.0,
    "max_delay": 0,
    "mean_delay": 0.0,
    "sum_delay": 0.0
}
       Value   Percentile   TotalCount 1/(1-Percentile)

       0.000     1.000000            0          inf
#[Mean    =         -nan, StdDeviation   =         -nan]
#[Max     =        0.000, Total count    =            0]
#[Buckets =           22, SubBuckets     =         2048]
#Load Traffic-Mode Throughput  Mean-Delay      Max-Delay   Mean-Delay-HDR  Max-Delay-HDR Delay-STD-HDR  P90-Delay   P95-Delay   P99-Delay   
0.80  2            0.9999      21.2533         413         21.2533         413           31.4669        65          89          140         
0.80  2            0.9999      21.2094         413         21.2094         413           31.4523        65          89          140         
0.80  2            1.0000      21.2316         413         21.2316         413           31.4529        65          89          140         
0.80  2            1.0000      21.1984         456         21.1984         456           31.4181        65          89          140         
0.80  2            1.0000      21.1936         456         21.1936         456           31.4152        65          89          140         
0.80  2            1.0000      21.1828         456         21.1828         456           31.3975        65          89          140         
0.80  2            1.0000      21.2019         456         21.2019         456           31.4240        65          89          140         
0.80  2            1.0000      21.2029         456         21.2029         456           31.4290        65          89          140         
0.80  2            1.0000      21.2144         456         21.2144         456           31.4421        65          89          140         
0.80  2            1.0000      21.2197         456         21.2197         456           31.4447        65          89          140         
0.80  2            1.0000      21.2204         456         21.2204         456           31.4438        65          89          140         
0.80  2            1.0000      21.2155         472         21.2155         472           31.4374        65          89          140         
0.80  2            1.0000      21.2112         472         21.2112         472           31.4300        65          89          140         
0.80  2            1.0000      21.2127         472         21.2127         472           31.4307        65          89          140         
0.80  2            1.0000      21.2085         472         21.2085         472           31.4255        65          89          140         
0.80  2            1.0000      21.2215         472         21.2215         472           31.4423        65          89          140         
0.80  2            1.0000      21.2143         472         21.2143         472           31.4349        65          89          140         
0.80  2            1.0000      21.2181         472         21.2181         472           31.4384        65          89          140         
0.80  2            1.0000      21.2141         472         21.2141         472           31.4334        65          89          140         
0.80  2            1.0000      21.2126         507         21.2126         507           31.4310        65          89          140         
0.80  2            1.0000      21.2109         507         21.2109         507           31.4278        65          89          140         
0.80  2            1.0000      21.2129         507         21.2129         507           31.4294        65          89          140         
0.80  2            1.0000      21.2144         507         21.2144         507           31.4310        65          89          140         
0.80  2            1.0000      21.2126         507         21.2126         507           31.4294        65          89          140         
0.80  2            1.0000      21.2112         507         21.2112         507           31.4284        65          89          140         
0.80  2            1.0000      21.2066         507         21.2066         507           31.4244        65          89          140         
0.80  2            1.0000      21.2077         507         21.2077         507           31.4235        65          89          140         
0.80  2            1.0000      21.2078         507         21.2078         507           31.4247        65          89          140         
0.80  2            1.0000      21.2054         507         21.2054         507           31.4227        65          89          140         
0.80  2            1.0000      21.2060         507         21.2060         507           31.4245        65          89          140         
0.80  2            1.0000      21.2067         507         21.2067         507           31.4237        65          89          140         
0.80  2            1.0000      21.2051         507         21.2051         507           31.4211        65          89          140         
       Value   Percentile   TotalCount 1/(1-Percentile)

       1.000     0.000000      7962889         1.00
       1.000     0.100000      7962889         1.11
       2.000     0.200000     13169191         1.25
       4.000     0.300000     22522311         1.43
       5.000     0.400000     26555102         1.67
       7.000     0.500000     32851614         2.00
       9.000     0.550000     37001236         2.22
      11.000     0.600000     39658705         2.50
      15.000     0.650000     42768507         2.86
      22.000     0.700000     46175564         3.33
      30.000     0.750000     49403061         4.00
      34.000     0.775000     50856092         4.44
      39.000     0.800000     52530629         5.00
      45.000     0.825000     54336302         5.71
      51.000     0.850000     55933752         6.67
      58.000     0.875000     57551795         8.00
      61.000     0.887500     58169989         8.89
      66.000     0.900000     59108865        10.00
      71.000     0.912500     59941322        11.43
      76.000     0.925000     60678982        13.33
      82.000     0.937500     61448768        16.00
      86.000     0.943750     61898056        17.78
      90.000     0.950000     62303760        20.00
      95.000     0.956250     62753601        22.86
     100.000     0.962500     63145125        26.67
     106.000     0.968750     63548370        32.00
     109.000     0.971875     63724744        35.56
     113.000     0.975000     63939045        40.00
     117.000     0.978125     64129264        45.71
     122.000     0.981250     64337578        53.33
     127.000     0.984375     64517177        64.00
     131.000     0.985938     64642197        71.11
     134.000     0.987500     64726399        80.00
     138.000     0.989062     64826743        91.43
     143.000     0.990625     64936391       106.67
     148.000     0.992188     65029947       128.00
     151.000     0.992969     65079122       142.22
     155.000     0.993750     65137859       160.00
     159.000     0.994531     65189284       182.86
     163.000     0.995313     65234224       213.33
     168.000     0.996094     65282546       256.00
     171.000     0.996484     65307786       284.44
     175.000     0.996875     65337778       320.00
     178.000     0.997266     65357714       365.71
     183.000     0.997656     65386713       426.67
     188.000     0.998047     65411460       512.00
     191.000     0.998242     65424242       568.89
     194.000     0.998437     65435778       640.00
     198.000     0.998633     65449144       731.43
     202.000     0.998828     65461084       853.33
     207.000     0.999023     65473696      1024.00
     210.000     0.999121     65480184      1137.78
     213.000     0.999219     65486109      1280.00
     217.000     0.999316     65493016      1462.86
     221.000     0.999414     65499040      1706.67
     226.000     0.999512     65505372      2048.00
     228.000     0.999561     65507605      2275.56
     231.000     0.999609     65510701      2560.00
     235.000     0.999658     65514330      2925.71
     239.000     0.999707     65517420      3413.33
     244.000     0.999756     65520726      4096.00
     246.000     0.999780     65521895      4551.11
     250.000     0.999805     65523882      5120.00
     253.000     0.999829     65525187      5851.43
     257.000     0.999854     65526676      6826.67
     262.000     0.999878     65528337      8192.00
     265.000     0.999890     65529209      9102.22
     268.000     0.999902     65529941     10240.00
     272.000     0.999915     65530861     11702.86
     276.000     0.999927     65531654     13653.33
     280.000     0.999939     65532285     16384.00
     283.000     0.999945     65532716     18204.44
     286.000     0.999951     65533129     20480.00
     289.000     0.999957     65533506     23405.71
     293.000     0.999963     65533913     27306.67
     298.000     0.999969     65534335     32768.00
     300.000     0.999973     65534472     36408.89
     304.000     0.999976     65534701     40960.00
     307.000     0.999979     65534893     46811.43
     311.000     0.999982     65535110     54613.33
     315.000     0.999985     65535298     65536.00
     317.000     0.999986     65535376     72817.78
     320.000     0.999988     65535463     81920.00
     323.000     0.999989     65535564     93622.86
     327.000     0.999991     65535687    109226.67
     331.000     0.999992     65535766    131072.00
     334.000     0.999993     65535823    145635.56
     337.000     0.999994     65535881    163840.00
     339.000     0.999995     65535914    187245.71
     344.000     0.999995     65535971    218453.33
     348.000     0.999996     65536019    262144.00
     351.000     0.999997     65536042    291271.11
     355.000     0.999997     65536074    327680.00
     357.000     0.999997     65536097    374491.43
     360.000     0.999998     65536117    436906.67
     363.000     0.999998     65536138    524288.00
     367.000     0.999998     65536154    582542.22
     372.000     0.999998     65536168    655360.00
     375.000     0.999999     65536178    748982.86
     377.000     0.999999     65536188    873813.33
     381.000     0.999999     65536201   1048576.00
     386.000     0.999999     65536210   1165084.44
     389.000     0.999999     65536213   1310720.00
     395.000     0.999999     65536220   1497965.71
     403.000     0.999999     65536226   1747626.67
     411.000     1.000000     65536232   2097152.00
     414.000     1.000000     65536237   2330168.89
     415.000     1.000000     65536238   2621440.00
     422.000     1.000000     65536242   2995931.43
     430.000     1.000000     65536246   3495253.33
     434.000     1.000000     65536248   4194304.00
     435.000     1.000000     65536250   4660337.78
     436.000     1.000000     65536251   5242880.00
     439.000     1.000000     65536254   5991862.86
     439.000     1.000000     65536254   6990506.67
     446.000     1.000000     65536256   8388608.00
     446.000     1.000000     65536256   9320675.55
     449.000     1.000000     65536257  10485760.00
     454.000     1.000000     65536258  11983725.71
     455.000     1.000000     65536259  13981013.34
     457.000     1.000000     65536260  16777216.00
     457.000     1.000000     65536260  18641351.10
     457.000     1.000000     65536260  20971519.98
     466.000     1.000000     65536261  23967451.45
     466.000     1.000000     65536261  27962026.68
     473.000     1.000000     65536262  33554432.00
     473.000     1.000000     65536262  37282702.28
     473.000     1.000000     65536262  41943039.96
     473.000     1.000000     65536262  47934902.91
     473.000     1.000000     65536262  55924053.19
     508.000     1.000000     65536263  67108864.00
     508.000     1.000000     65536263          inf
#[Mean    =       22.205, StdDeviation   =       31.421]
#[Max     =      508.000, Total count    =     65536263]
#[Buckets =           22, SubBuckets     =         2048]
reset:: start ...
reset:: A ...
reset:: Q ...
reset:: B ...
reset:: S ...
reset:: instruments ...
reset histogram ...
{
    "abls": [],
    "frame_number": 5120000,
    "injection_name": "Bernoulli",
    "injection_option": 0,
    "loads": [
        0.8
    ],
    "logging_file": "../logging/default_logging.txt",
    "model_name": "",
    "model_option": 3,
    "name": "Simulator",
    "port_number": 16,
    "type": 0
}
{
    "VOQs": [
        [
            0,
            0,
            0,
            0,
            0,
            0,
            0,
            0,
            0,
            0,
            0,
            0,
            0,
            0,
            0,
            0
        ],
        [
            0,
            0,
            0,
            0,
            0,
            0,
            0,
            0,
            0,
            0,
            0,
            0,
            0,
            0,
            0,
            0
        ],
        [
            0,
            0,
            0,
            0,
            0,
            0,
            0,
            0,
            0,
            0,
            0,
            0,
            0,
            0,
            0,
            0
        ],
        [
            0,
            0,
            0,
            0,
            0,
            0,
            0,
            0,
            0,
            0,
            0,
            0,
            0,
            0,
            0,
            0
        ],
        [
            0,
            0,
            0,
            0,
            0,
            0,
            0,
            0,
            0,
            0,
            0,
            0,
            0,
            0,
            0,
            0
        ],
        [
            0,
            0,
            0,
            0,
            0,
            0,
            0,
            0,
            0,
            0,
            0,
            0,
            0,
            0,
            0,
            0
        ],
        [
            0,
            0,
            0,
            0,
            0,
            0,
            0,
            0,
            0,
            0,
            0,
            0,
            0,
            0,
            0,
            0
        ],
        [
            0,
            0,
            0,
            0,
            0,
            0,
            0,
            0,
            0,
            0,
            0,
            0,
            0,
            0,
            0,
            0
        ],
        [
            0,
            0,
            0,
            0,
            0,
            0,
            0,
            0,
            0,
            0,
            0,
            0,
            0,
            0,
            0,
            0
        ],
        [
            0,
            0,
            0,
            0,
            0,
            0,
            0,
            0,
            0,
            0,
            0,
            0,
            0,
            0,
            0,
            0
        ],
        [
            0,
            0,
            0,
            0,
            0,
            0,
            0,
            0,
            0,
            0,
            0,
            0,
            0,
            0,
            0,
            0
        ],
        [
            0,
            0,
            0,
            0,
            0,
            0,
            0,
            0,
            0,
            0,
            0,
            0,
            0,
            0,
            0,
            0
        ],
        [
            0,
            0,
            0,
            0,
            0,
            0,
            0,
            0,
            0,
            0,
            0,
            0,
            0,
            0,
            0,
            0
        ],
        [
            0,
            0,
            0,
            0,
            0,
            0,
            0,
            0,
            0,
            0,
            0,
            0,
            0,
            0,
            0,
            0
        ],
        [
            0,
            0,
            0,
            0,
            0,
            0,
            0,
            0,
            0,
            0,
            0,
            0,
            0,
            0,
            0,
            0
        ],
        [
            0,
            0,
            0,
            0,
            0,
            0,
            0,
            0,
            0,
            0,
            0,
            0,
            0,
            0,
            0,
            0
        ]
    ],
    "arrivals": [
        -1,
        -1,
        -1,
        -1,
        -1,
        -1,
        -1,
        -1,
        -1,
        -1,
        -1,
        -1,
        -1,
        -1,
        -1,
        -1
    ],
    "current_time": 5119999,
    "schedule": [
        0,
        1,
        2,
        3,
        4,
        5,
        6,
        7,
        8,
        9,
        10,
        11,
        12,
        13,
        14,
        15
    ]
}
{
    "arrivals": 0.0,
    "delay_counter": 0.0,
    "departures": 0.0,
    "max_delay": 0,
    "mean_delay": 0.0,
    "sum_delay": 0.0
}
       Value   Percentile   TotalCount 1/(1-Percentile)

       0.000     1.000000            0          inf
#[Mean    =         -nan, StdDeviation   =         -nan]
#[Max     =        0.000, Total count    =            0]
#[Buckets =           22, SubBuckets     =         2048]
#Load Traffic-Mode Throughput  Mean-Delay      Max-Delay   Mean-Delay-HDR  Max-Delay-HDR Delay-STD-HDR  P90-Delay   P95-Delay   P99-Delay   
0.80  3            1.0000      4.0786          61          4.0786          61            4.8762         10          14          23          
0.80  3            1.0000      4.0871          62          4.0871          62            4.8846         10          14          23          
0.80  3            1.0000      4.0821          64          4.0821          64            4.8817         10          14          23          
0.80  3            1.0000      4.0877          67          4.0877          67            4.8903         10          14          23          
0.80  3            1.0000      4.0861          67          4.0861          67            4.8857         10          14          23          
0.80  3            1.0000      4.0889          67          4.0889          67            4.8874         10          14          23          
0.80  3            1.0000      4.0886          67          4.0886          67            4.8870         10          14          23          
0.80  3            1.0000      4.0898          69          4.0898          69            4.8880         10          14          23          
0.80  3            1.0000      4.0913          69          4.0913          69            4.8885         10          14          23          
0.80  3            1.0000      4.0901          69          4.0901          69            4.8884         10          14          23          
0.80  3            1.0000      4.0931          69          4.0931          69            4.8898         10          14          23          
0.80  3            1.0000      4.0907          71          4.0907          71            4.8882         10          14          23          
0.80  3            1.0000      4.0895          71          4.0895          71            4.8873         10          14          23          
0.80  3            1.0000      4.0889          71          4.0889          71            4.8864         10          14          23          
0.80  3            1.0000      4.0896          78          4.0896          78            4.8862         10          14          23          
0.80  3            1.0000      4.0895          78          4.0895          78            4.8871         10          14          23          
0.80  3            1.0000      4.0882          78          4.0882          78            4.8867         10          14          23          
0.80  3            1.0000      4.0884          78          4.0884          78            4.8861         10          14          23          
0.80  3            1.0000      4.0904          78          4.0904          78            4.8878         10          14          23          
0.80  3            1.0000      4.0886          78          4.0886          78            4.8859         10          14          23          
0.80  3            1.0000      4.0893          78          4.0893          78            4.8859         10          14          23          
0.80  3            1.0000      4.0899          86          4.0899          86            4.8868         10          14          23          
0.80  3            1.0000      4.0906          86          4.0906          86            4.8875         10          14          23          
0.80  3            1.0000      4.0903          86          4.0903          86            4.8871         10          14          23          
0.80  3            1.0000      4.0902          86          4.0902          86            4.8867         10          14          23          
0.80  3            1.0000      4.0905          86          4.0905          86            4.8872         10          14          23          
0.80  3            1.0000      4.0914          86          4.0914          86            4.8881         10          14          23          
0.80  3            1.0000      4.0913          86          4.0913          86            4.8882         10          14          23          
0.80  3            1.0000      4.0921          86          4.0921          86            4.8889         10          14          23          
0.80  3            1.0000      4.0912          86          4.0912          86            4.8879         10          14          23          
0.80  3            1.0000      4.0920          86          4.0920          86            4.8893         10          14          23          
0.80  3            1.0000      4.0907          86          4.0907          86            4.8887         10          14          23          
       Value   Percentile   TotalCount 1/(1-Percentile)

       1.000     0.000000     13177564         1.00
       1.000     0.100000     13177564         1.11
       1.000     0.200000     13177564         1.25
       2.000     0.300000     23468797         1.43
       3.000     0.400000     32320177         1.67
       4.000     0.500000     39511428         2.00
       4.000     0.550000     39511428         2.22
       4.000     0.600000     39511428         2.50
       5.000     0.650000     45087459         2.86
       6.000     0.700000     49300866         3.33
       6.000     0.750000     49300866         4.00
       7.000     0.775000     52461282         4.44
       7.000     0.800000     52461282         5.00
       8.000     0.825000     54848158         5.71
       9.000     0.850000     56691910         6.67
      10.000     0.875000     58145787         8.00
      11.000     0.887500     59322232         8.89
      11.000     0.900000     59322232        10.00
      12.000     0.912500     60295864        11.43
      13.000     0.925000     61114345        13.33
      14.000     0.937500     61807338        16.00
      15.000     0.943750     62398633        17.78
      15.000     0.950000     62398633        20.00
      16.000     0.956250     62905627        22.86
      17.000     0.962500     63337147        26.67
      18.000     0.968750     63703064        32.00
      18.000     0.971875     63703064        35.56
      19.000     0.975000     64012265        40.00
      20.000     0.978125     64273882        45.71
      21.000     0.981250     64493856        53.33
      22.000     0.984375     64678900        64.00
      22.000     0.985938     64678900        71.11
      23.000     0.987500     64832495        80.00
      23.000     0.989062     64832495        91.43
      24.000     0.990625     64960757       106.67
      25.000     0.992188     65066762       128.00
      26.000     0.992969     65153138       142.22
      26.000     0.993750     65153138       160.00
      27.000     0.994531     65224892       182.86
      28.000     0.995313     65283681       213.33
      28.000     0.996094     65283681       256.00
      29.000     0.996484     65331579       284.44
      29.000     0.996875     65331579       320.00
      30.000     0.997266     65370421       365.71
      31.000     0.997656     65402433       426.67
      32.000     0.998047     65428332       512.00
      32.000     0.998242     65428332       568.89
      33.000     0.998437     65449109       640.00
      33.000     0.998633     65449109       731.43
      34.000     0.998828     65466045       853.33
      35.000     0.999023     65479458      1024.00
      35.000     0.999121     65479458      1137.78
      36.000     0.999219     65490339      1280.00
      36.000     0.999316     65490339      1462.86
      37.000     0.999414     65499062      1706.67
      38.000     0.999512     65506176      2048.00
      38.000     0.999561     65506176      2275.56
      39.000     0.999609     65511615      2560.00
      39.000     0.999658     65511615      2925.71
      40.000     0.999707     65516074      3413.33
      41.000     0.999756     65519602      4096.00
      41.000     0.999780     65519602      4551.11
      42.000     0.999805     65522574      5120.00
      42.000     0.999829     65522574      5851.43
      43.000     0.999854     65524908      6826.67
      44.000     0.999878     65526712      8192.00
      44.000     0.999890     65526712      9102.22
      45.000     0.999902     65528091     10240.00
      45.000     0.999915     65528091     11702.86
      46.000     0.999927     65529293     13653.33
      47.000     0.999939     65530201     16384.00
      47.000     0.999945     65530201     18204.44
      48.000     0.999951     65530931     20480.00
      48.000     0.999957     65530931     23405.71
      49.000     0.999963     65531508     27306.67
      50.000     0.999969     65531959     32768.00
      50.000     0.999973     65531959     36408.89
      51.000     0.999976     65532287     40960.00
      51.000     0.999979     65532287     46811.43
      52.000     0.999982     65532537     54613.33
      53.000     0.999985     65532757     65536.00
      53.000     0.999986     65532757     72817.78
      54.000     0.999988     65532943     81920.00
      54.000     0.999989     65532943     93622.86
      55.000     0.999991     65533094    109226.67
      55.000     0.999992     65533094    131072.00
      56.000     0.999993     65533200    145635.56
      56.000     0.999994     65533200    163840.00
      57.000     0.999995     65533289    187245.71
      57.000     0.999995     65533289    218453.33
      58.000     0.999996     65533361    262144.00
      58.000     0.999997     65533361    291271.11
      59.000     0.999997     65533400    327680.00
      59.000     0.999997     65533400    374491.43
      60.000     0.999998     65533443    436906.67
      61.000     0.999998     65533463    524288.00
      61.000     0.999998     65533463    582542.22
      62.000     0.999998     65533489    655360.00
      62.000     0.999999     65533489    748982.86
      63.000     0.999999     65533510    873813.33
      64.000     0.999999     65533521   1048576.00
      64.000     0.999999     65533521   1165084.44
      65.000     0.999999     65533528   1310720.00
      66.000     0.999999     65533535   1497965.71
      67.000     0.999999     65533542   1747626.67
      68.000     1.000000     65533551   2097152.00
      68.000     1.000000     65533551   2330168.89
      68.000     1.000000     65533551   2621440.00
      69.000     1.000000     65533556   2995931.43
      69.000     1.000000     65533556   3495253.33
      70.000     1.000000     65533561   4194304.00
      70.000     1.000000     65533561   4660337.78
      71.000     1.000000     65533563   5242880.00
      72.000     1.000000     65533566   5991862.86
      72.000     1.000000     65533566   6990506.67
      73.000     1.000000     65533568   8388608.00
      73.000     1.000000     65533568   9320675.55
      73.000     1.000000     65533568  10485760.00
      74.000     1.000000     65533570  11983725.71
      74.000     1.000000     65533570  13981013.34
      77.000     1.000000     65533572  16777216.00
      77.000     1.000000     65533572  18641351.10
      77.000     1.000000     65533572  20971519.98
      77.000     1.000000     65533572  23967451.45
      77.000     1.000000     65533572  27962026.68
      79.000     1.000000     65533573  33554432.00
      79.000     1.000000     65533573  37282702.28
      79.000     1.000000     65533573  41943039.96
      79.000     1.000000     65533573  47934902.91
      79.000     1.000000     65533573  55924053.19
      87.000     1.000000     65533574  67108864.00
      87.000     1.000000     65533574          inf
#[Mean    =        5.091, StdDeviation   =        4.889]
#[Max     =       87.000, Total count    =     65533574]
#[Buckets =           22, SubBuckets     =         2048]
reset:: start ...
reset:: A ...
reset:: Q ...
reset:: B ...
reset:: S ...
reset:: instruments ...
reset histogram ...
