Get seed: 3601869304
{
    "abls": [],
    "frame_number": 1280000,
    "injection_name": "Bernoulli",
    "injection_option": 0,
    "loads": [
        0.8
    ],
    "logging_file": "../logging/default_logging.txt",
    "model_name": "",
    "model_option": 0,
    "name": "Simulator",
    "port_number": 8,
    "type": 0
}
{
    "VOQs": [
        [
            0,
            0,
            0,
            0,
            0,
            0,
            0,
            0
        ],
        [
            0,
            0,
            0,
            0,
            0,
            0,
            0,
            0
        ],
        [
            0,
            0,
            0,
            0,
            0,
            0,
            0,
            0
        ],
        [
            0,
            0,
            0,
            0,
            0,
            0,
            0,
            0
        ],
        [
            0,
            0,
            0,
            0,
            0,
            0,
            0,
            0
        ],
        [
            0,
            0,
            0,
            0,
            0,
            0,
            0,
            0
        ],
        [
            0,
            0,
            0,
            0,
            0,
            0,
            0,
            0
        ],
        [
            0,
            0,
            0,
            0,
            0,
            0,
            0,
            0
        ]
    ],
    "arrivals": [
        -1,
        -1,
        -1,
        -1,
        -1,
        -1,
        -1,
        -1
    ],
    "current_time": 0,
    "schedule": [
        0,
        1,
        2,
        3,
        4,
        5,
        6,
        7
    ]
}
{
    "arrivals": 0.0,
    "delay_counter": 0.0,
    "departures": 0.0,
    "max_delay": 0,
    "mean_delay": 0.0,
    "sum_delay": 0.0
}
       Value   Percentile   TotalCount 1/(1-Percentile)

       0.000     1.000000            0          inf
#[Mean    =         -nan, StdDeviation   =         -nan]
#[Max     =        0.000, Total count    =            0]
#[Buckets =           22, SubBuckets     =         2048]
#Load Traffic-Mode Throughput  Mean-Delay      Max-Delay   Mean-Delay-HDR  Max-Delay-HDR Delay-STD-HDR  P90-Delay   P95-Delay   P99-Delay   
0.80  0            0.9997      10.7016         137         10.7016         137           12.4468        27          36          56          
0.80  0            0.9998      10.7149         141         10.7149         141           12.4298        27          36          55          
0.80  0            0.9999      10.7035         141         10.7035         141           12.4375        27          36          55          
0.80  0            0.9999      10.7129         160         10.7129         160           12.4550        27          36          56          
0.80  0            0.9999      10.7267         160         10.7267         160           12.4588        27          36          55          
0.80  0            0.9999      10.7241         160         10.7241         160           12.4525        27          36          55          
0.80  0            1.0000      10.7350         160         10.7350         160           12.4664        27          36          56          
0.80  0            1.0000      10.7266         160         10.7266         160           12.4524        27          36          55          
0.80  0            1.0000      10.7438         160         10.7438         160           12.4700        27          36          56          
0.80  0            1.0000      10.7390         177         10.7390         177           12.4687        27          36          56          
0.80  0            1.0000      10.7250         177         10.7250         177           12.4493        27          36          56          
0.80  0            1.0000      10.7269         177         10.7269         177           12.4490        27          36          56          
0.80  0            1.0000      10.7220         177         10.7220         177           12.4398        27          36          55          
0.80  0            1.0000      10.7270         177         10.7270         177           12.4431        27          36          55          
0.80  0            1.0000      10.7286         177         10.7286         177           12.4483        27          36          56          
0.80  0            1.0000      10.7324         177         10.7324         177           12.4584        27          36          56          
0.80  0            1.0000      10.7338         177         10.7338         177           12.4600        27          36          56          
0.80  0            1.0000      10.7365         177         10.7365         177           12.4591        27          36          56          
0.80  0            1.0000      10.7307         177         10.7307         177           12.4565        27          36          56          
0.80  0            1.0000      10.7279         177         10.7279         177           12.4543        27          36          56          
0.80  0            1.0000      10.7340         177         10.7340         177           12.4590        27          36          56          
0.80  0            1.0000      10.7288         177         10.7288         177           12.4544        27          36          56          
0.80  0            1.0000      10.7302         177         10.7302         177           12.4570        27          36          56          
0.80  0            1.0000      10.7294         177         10.7294         177           12.4560        27          36          56          
0.80  0            1.0000      10.7338         177         10.7338         177           12.4602        27          36          56          
0.80  0            1.0000      10.7335         177         10.7335         177           12.4573        27          36          56          
0.80  0            1.0000      10.7397         177         10.7397         177           12.4622        27          36          56          
0.80  0            1.0000      10.7353         177         10.7353         177           12.4602        27          36          56          
0.80  0            1.0000      10.7405         177         10.7405         177           12.4673        27          36          56          
0.80  0            1.0000      10.7400         177         10.7400         177           12.4662        27          36          56          
0.80  0            1.0000      10.7418         177         10.7418         177           12.4671        27          36          56          
0.80  0            1.0000      10.7454         189         10.7454         189           12.4678        27          36          56          
       Value   Percentile   TotalCount 1/(1-Percentile)

       1.000     0.000000      1540523         1.00
       1.000     0.100000      1540523         1.11
       2.000     0.200000      2128440         1.25
       3.000     0.300000      2566484         1.43
       5.000     0.400000      3338398         1.67
       8.000     0.500000      4323726         2.00
       9.000     0.550000      4609049         2.22
      11.000     0.600000      5123780         2.50
      12.000     0.650000      5353731         2.86
      14.000     0.700000      5766051         3.33
      17.000     0.750000      6277072         4.00
      18.000     0.775000      6422559         4.44
      19.000     0.800000      6557167         5.00
      21.000     0.825000      6797532         5.71
      23.000     0.850000      7002753         6.67
      25.000     0.875000      7177034         8.00
      27.000     0.887500      7325834         8.89
      28.000     0.900000      7392077        10.00
      30.000     0.912500      7509962        11.43
      32.000     0.925000      7610346        13.33
      34.000     0.937500      7696687        16.00
      35.000     0.943750      7734625        17.78
      37.000     0.950000      7802227        20.00
      39.000     0.956250      7860094        22.86
      40.000     0.962500      7885823        26.67
      43.000     0.968750      7951717        32.00
      44.000     0.971875      7970447        35.56
      45.000     0.975000      7987648        40.00
      47.000     0.978125      8018192        45.71
      49.000     0.981250      8044128        53.33
      51.000     0.984375      8066363        64.00
      52.000     0.985938      8076287        71.11
      54.000     0.987500      8093585        80.00
      56.000     0.989062      8108511        91.43
      57.000     0.990625      8115005       106.67
      60.000     0.992188      8131856       128.00
      61.000     0.992969      8136582       142.22
      62.000     0.993750      8140953       160.00
      64.000     0.994531      8148697       182.86
      66.000     0.995313      8155389       213.33
      68.000     0.996094      8160876       256.00
      69.000     0.996484      8163300       284.44
      70.000     0.996875      8165625       320.00
      72.000     0.997266      8169491       365.71
      74.000     0.997656      8172836       426.67
      76.000     0.998047      8175690       512.00
      77.000     0.998242      8177032       568.89
      79.000     0.998437      8179320       640.00
      80.000     0.998633      8180308       731.43
      82.000     0.998828      8182035       853.33
      84.000     0.999023      8183484      1024.00
      85.000     0.999121      8184141      1137.78
      87.000     0.999219      8185298      1280.00
      88.000     0.999316      8185801      1462.86
      90.000     0.999414      8186680      1706.67
      92.000     0.999512      8187432      2048.00
      93.000     0.999561      8187781      2275.56
      94.000     0.999609      8188070      2560.00
      96.000     0.999658      8188544      2925.71
      97.000     0.999707      8188786      3413.33
      99.000     0.999756      8189191      4096.00
     100.000     0.999780      8189384      4551.11
     102.000     0.999805      8189694      5120.00
     103.000     0.999829      8189830      5851.43
     105.000     0.999854      8190045      6826.67
     107.000     0.999878      8190224      8192.00
     108.000     0.999890      8190301      9102.22
     109.000     0.999902      8190385     10240.00
     111.000     0.999915      8190521     11702.86
     112.000     0.999927      8190585     13653.33
     114.000     0.999939      8190690     16384.00
     115.000     0.999945      8190739     18204.44
     117.000     0.999951      8190814     20480.00
     118.000     0.999957      8190845     23405.71
     120.000     0.999963      8190909     27306.67
     122.000     0.999969      8190950     32768.00
     123.000     0.999973      8190970     36408.89
     124.000     0.999976      8190989     40960.00
     125.000     0.999979      8191009     46811.43
     127.000     0.999982      8191045     54613.33
     128.000     0.999985      8191064     65536.00
     129.000     0.999986      8191074     72817.78
     130.000     0.999988      8191083     81920.00
     131.000     0.999989      8191093     93622.86
     133.000     0.999991      8191114    109226.67
     134.000     0.999992      8191121    131072.00
     135.000     0.999993      8191127    145635.56
     136.000     0.999994      8191132    163840.00
     138.000     0.999995      8191143    187245.71
     138.000     0.999995      8191143    218453.33
     140.000     0.999996      8191153    262144.00
     140.000     0.999997      8191153    291271.11
     141.000     0.999997      8191157    327680.00
     142.000     0.999997      8191159    374491.43
     145.000     0.999998      8191164    436906.67
     146.000     0.999998      8191165    524288.00
     147.000     0.999998      8191166    582542.22
     154.000     0.999998      8191169    655360.00
     156.000     0.999999      8191170    748982.86
     159.000     0.999999      8191171    873813.33
     161.000     0.999999      8191174   1048576.00
     161.000     0.999999      8191174   1165084.44
     161.000     0.999999      8191174   1310720.00
     163.000     0.999999      8191175   1497965.71
     167.000     0.999999      8191176   1747626.67
     174.000     1.000000      8191177   2097152.00
     174.000     1.000000      8191177   2330168.89
     174.000     1.000000      8191177   2621440.00
     176.000     1.000000      8191178   2995931.43
     176.000     1.000000      8191178   3495253.33
     178.000     1.000000      8191179   4194304.00
     178.000     1.000000      8191179   4660337.78
     178.000     1.000000      8191179   5242880.00
     178.000     1.000000      8191179   5991862.86
     178.000     1.000000      8191179   6990506.67
     190.000     1.000000      8191180   8388608.00
     190.000     1.000000      8191180          inf
#[Mean    =       11.745, StdDeviation   =       12.468]
#[Max     =      190.000, Total count    =      8191180]
#[Buckets =           22, SubBuckets     =         2048]
reset:: start ...
reset:: A ...
reset:: Q ...
reset:: B ...
reset:: S ...
reset:: instruments ...
reset histogram ...
{
    "abls": [],
    "frame_number": 1280000,
    "injection_name": "Bernoulli",
    "injection_option": 0,
    "loads": [
        0.8
    ],
    "logging_file": "../logging/default_logging.txt",
    "model_name": "",
    "model_option": 1,
    "name": "Simulator",
    "port_number": 8,
    "type": 0
}
{
    "VOQs": [
        [
            0,
            0,
            0,
            0,
            0,
            0,
            0,
            0
        ],
        [
            0,
            0,
            0,
            0,
            0,
            0,
            0,
            0
        ],
        [
            0,
            0,
            0,
            0,
            0,
            0,
            0,
            0
        ],
        [
            0,
            0,
            0,
            0,
            0,
            0,
            0,
            0
        ],
        [
            0,
            0,
            0,
            0,
            0,
            0,
            0,
            0
        ],
        [
            0,
            0,
            0,
            0,
            0,
            0,
            0,
            0
        ],
        [
            0,
            0,
            0,
            0,
            0,
            0,
            0,
            0
        ],
        [
            0,
            0,
            0,
            0,
            0,
            0,
            0,
            0
        ]
    ],
    "arrivals": [
        -1,
        -1,
        -1,
        -1,
        -1,
        -1,
        -1,
        -1
    ],
    "current_time": 1279999,
    "schedule": [
        0,
        1,
        2,
        3,
        4,
        5,
        6,
        7
    ]
}
{
    "arrivals": 0.0,
    "delay_counter": 0.0,
    "departures": 0.0,
    "max_delay": 0,
    "mean_delay": 0.0,
    "sum_delay": 0.0
}
       Value   Percentile   TotalCount 1/(1-Percentile)

       0.000     1.000000            0          inf
#[Mean    =         -nan, StdDeviation   =         -nan]
#[Max     =        0.000, Total count    =            0]
#[Buckets =           22, SubBuckets     =         2048]
#Load Traffic-Mode Throughput  Mean-Delay      Max-Delay   Mean-Delay-HDR  Max-Delay-HDR Delay-STD-HDR  P90-Delay   P95-Delay   P99-Delay   
0.80  1            0.9999      6.8709          138         6.8709          138           10.1125        18          27          49          
0.80  1            0.9999      6.8389          158         6.8389          158           10.0672        18          27          49          
0.80  1            0.9999      6.8713          158         6.8713          158           10.1505        18          28          50          
0.80  1            1.0000      6.8782          158         6.8782          158           10.1357        18          27          50          
0.80  1            1.0000      6.8880          158         6.8880          158           10.1384        18          28          50          
0.80  1            1.0000      6.8902          158         6.8902          158           10.1467        18          28          50          
0.80  1            1.0000      6.8809          158         6.8809          158           10.1315        18          28          50          
0.80  1            1.0000      6.9031          158         6.9031          158           10.1631        18          28          50          
0.80  1            1.0000      6.9128          158         6.9128          158           10.1724        18          28          50          
0.80  1            1.0000      6.9172          158         6.9172          158           10.1863        18          28          50          
0.80  1            1.0000      6.9144          158         6.9144          158           10.1755        18          28          50          
0.80  1            1.0000      6.9138          161         6.9138          161           10.1733        18          28          50          
0.80  1            1.0000      6.9173          161         6.9173          161           10.1739        18          28          50          
0.80  1            1.0000      6.9140          161         6.9140          161           10.1599        18          28          50          
0.80  1            1.0000      6.9101          161         6.9101          161           10.1577        18          28          50          
0.80  1            1.0000      6.9078          161         6.9078          161           10.1548        18          28          50          
0.80  1            1.0000      6.9057          161         6.9057          161           10.1550        18          28          50          
0.80  1            1.0000      6.9063          161         6.9063          161           10.1570        18          28          50          
0.80  1            1.0000      6.9088          161         6.9088          161           10.1595        18          28          50          
0.80  1            1.0000      6.9072          161         6.9072          161           10.1569        18          28          50          
0.80  1            1.0000      6.9100          161         6.9100          161           10.1547        18          28          50          
0.80  1            1.0000      6.9104          161         6.9104          161           10.1617        18          28          50          
0.80  1            1.0000      6.9105          161         6.9105          161           10.1617        18          28          50          
0.80  1            1.0000      6.9116          161         6.9116          161           10.1628        18          28          50          
0.80  1            1.0000      6.9085          161         6.9085          161           10.1582        18          28          50          
0.80  1            1.0000      6.9090          165         6.9090          165           10.1592        18          28          50          
0.80  1            1.0000      6.9096          165         6.9096          165           10.1618        18          28          50          
0.80  1            1.0000      6.9054          165         6.9054          165           10.1578        18          28          50          
0.80  1            1.0000      6.9039          165         6.9039          165           10.1579        18          28          50          
0.80  1            1.0000      6.9044          165         6.9044          165           10.1583        18          28          50          
0.80  1            1.0000      6.9086          165         6.9086          165           10.1612        18          28          50          
0.80  1            1.0000      6.9078          165         6.9078          165           10.1616        18          28          50          
       Value   Percentile   TotalCount 1/(1-Percentile)

       1.000     0.000000      1478886         1.00
       1.000     0.100000      1478886         1.11
       2.000     0.200000      2521655         1.25
       2.000     0.300000      2521655         1.43
       3.000     0.400000      3406161         1.67
       4.000     0.500000      4156118         2.00
       5.000     0.550000      4775454         2.22
       6.000     0.600000      5274762         2.50
       7.000     0.650000      5674054         2.86
       8.000     0.700000      5992128         3.33
       9.000     0.750000      6246795         4.00
      10.000     0.775000      6454494         4.44
      11.000     0.800000      6626277         5.00
      12.000     0.825000      6770496         5.71
      14.000     0.850000      7002276         6.67
      16.000     0.875000      7182832         8.00
      18.000     0.887500      7328848         8.89
      19.000     0.900000      7392167        10.00
      21.000     0.912500      7503306        11.43
      23.000     0.925000      7597144        13.33
      26.000     0.937500      7712913        16.00
      27.000     0.943750      7746309        17.78
      29.000     0.950000      7805779        20.00
      30.000     0.956250      7832359        22.86
      33.000     0.962500      7901268        26.67
      35.000     0.968750      7939487        32.00
      37.000     0.971875      7972882        35.56
      38.000     0.975000      7988151        40.00
      40.000     0.978125      8015400        45.71
      42.000     0.981250      8038687        53.33
      45.000     0.984375      8068350        64.00
      46.000     0.985938      8077113        71.11
      48.000     0.987500      8092412        80.00
      50.000     0.989062      8105767        91.43
      52.000     0.990625      8117284       106.67
      54.000     0.992188      8127264       128.00
      56.000     0.992969      8135992       142.22
      57.000     0.993750      8139849       160.00
      59.000     0.994531      8146908       182.86
      61.000     0.995313      8152896       213.33
      63.000     0.996094      8158129       256.00
      65.000     0.996484      8162618       284.44
      66.000     0.996875      8164619       320.00
      68.000     0.997266      8168309       365.71
      70.000     0.997656      8171403       426.67
      72.000     0.998047      8174090       512.00
      74.000     0.998242      8176434       568.89
      75.000     0.998437      8177409       640.00
      77.000     0.998633      8179224       731.43
      79.000     0.998828      8180811       853.33
      81.000     0.999023      8182103      1024.00
      82.000     0.999121      8182664      1137.78
      84.000     0.999219      8183662      1280.00
      85.000     0.999316      8184154      1462.86
      87.000     0.999414      8184975      1706.67
      89.000     0.999512      8185704      2048.00
      91.000     0.999561      8186254      2275.56
      92.000     0.999609      8186529      2560.00
      94.000     0.999658      8186960      2925.71
      96.000     0.999707      8187344      3413.33
      98.000     0.999756      8187709      4096.00
     100.000     0.999780      8188006      4551.11
     101.000     0.999805      8188144      5120.00
     103.000     0.999829      8188396      5851.43
     104.000     0.999854      8188506      6826.67
     106.000     0.999878      8188701      8192.00
     107.000     0.999890      8188787      9102.22
     109.000     0.999902      8188944     10240.00
     110.000     0.999915      8189004     11702.86
     112.000     0.999927      8189107     13653.33
     114.000     0.999939      8189200     16384.00
     115.000     0.999945      8189238     18204.44
     116.000     0.999951      8189281     20480.00
     118.000     0.999957      8189340     23405.71
     120.000     0.999963      8189395     27306.67
     121.000     0.999969      8189425     32768.00
     123.000     0.999973      8189465     36408.89
     124.000     0.999976      8189483     40960.00
     126.000     0.999979      8189517     46811.43
     127.000     0.999982      8189534     54613.33
     128.000     0.999985      8189552     65536.00
     129.000     0.999986      8189563     72817.78
     131.000     0.999988      8189581     81920.00
     132.000     0.999989      8189595     93622.86
     133.000     0.999991      8189606    109226.67
     134.000     0.999992      8189613    131072.00
     135.000     0.999993      8189618    145635.56
     137.000     0.999994      8189626    163840.00
     139.000     0.999995      8189632    187245.71
     141.000     0.999995      8189639    218453.33
     143.000     0.999996      8189646    262144.00
     143.000     0.999997      8189646    291271.11
     145.000     0.999997      8189650    327680.00
     147.000     0.999997      8189653    374491.43
     149.000     0.999998      8189659    436906.67
     149.000     0.999998      8189659    524288.00
     150.000     0.999998      8189660    582542.22
     151.000     0.999998      8189663    655360.00
     152.000     0.999999      8189664    748982.86
     154.000     0.999999      8189665    873813.33
     156.000     0.999999      8189668   1048576.00
     156.000     0.999999      8189668   1165084.44
     156.000     0.999999      8189668   1310720.00
     157.000     0.999999      8189670   1497965.71
     157.000     0.999999      8189670   1747626.67
     158.000     1.000000      8189671   2097152.00
     158.000     1.000000      8189671   2330168.89
     158.000     1.000000      8189671   2621440.00
     159.000     1.000000      8189672   2995931.43
     159.000     1.000000      8189672   3495253.33
     162.000     1.000000      8189673   4194304.00
     162.000     1.000000      8189673   4660337.78
     162.000     1.000000      8189673   5242880.00
     162.000     1.000000      8189673   5991862.86
     162.000     1.000000      8189673   6990506.67
     166.000     1.000000      8189674   8388608.00
     166.000     1.000000      8189674          inf
#[Mean    =        7.908, StdDeviation   =       10.162]
#[Max     =      166.000, Total count    =      8189674]
#[Buckets =           22, SubBuckets     =         2048]
reset:: start ...
reset:: A ...
reset:: Q ...
reset:: B ...
reset:: S ...
reset:: instruments ...
reset histogram ...
{
    "abls": [],
    "frame_number": 1280000,
    "injection_name": "Bernoulli",
    "injection_option": 0,
    "loads": [
        0.8
    ],
    "logging_file": "../logging/default_logging.txt",
    "model_name": "",
    "model_option": 2,
    "name": "Simulator",
    "port_number": 8,
    "type": 0
}
{
    "VOQs": [
        [
            0,
            0,
            0,
            0,
            0,
            0,
            0,
            0
        ],
        [
            0,
            0,
            0,
            0,
            0,
            0,
            0,
            0
        ],
        [
            0,
            0,
            0,
            0,
            0,
            0,
            0,
            0
        ],
        [
            0,
            0,
            0,
            0,
            0,
            0,
            0,
            0
        ],
        [
            0,
            0,
            0,
            0,
            0,
            0,
            0,
            0
        ],
        [
            0,
            0,
            0,
            0,
            0,
            0,
            0,
            0
        ],
        [
            0,
            0,
            0,
            0,
            0,
            0,
            0,
            0
        ],
        [
            0,
            0,
            0,
            0,
            0,
            0,
            0,
            0
        ]
    ],
    "arrivals": [
        -1,
        -1,
        -1,
        -1,
        -1,
        -1,
        -1,
        -1
    ],
    "current_time": 1279999,
    "schedule": [
        0,
        1,
        2,
        3,
        4,
        5,
        6,
        7
    ]
}
{
    "arrivals": 0.0,
    "delay_counter": 0.0,
    "departures": 0.0,
    "max_delay": 0,
    "mean_delay": 0.0,
    "sum_delay": 0.0
}
       Value   Percentile   TotalCount 1/(1-Percentile)

       0.000     1.000000            0          inf
#[Mean    =         -nan, StdDeviation   =         -nan]
#[Max     =        0.000, Total count    =            0]
#[Buckets =           22, SubBuckets     =         2048]
#Load Traffic-Mode Throughput  Mean-Delay      Max-Delay   Mean-Delay-HDR  Max-Delay-HDR Delay-STD-HDR  P90-Delay   P95-Delay   P99-Delay   
0.80  2            0.9998      7.4799          151         7.4799          151           10.7755        21          30          50          
0.80  2            0.9999      7.4513          151         7.4513          151           10.7044        21          30          50          
0.80  2            0.9999      7.4623          151         7.4623          151           10.7462        21          30          50          
0.80  2            1.0000      7.4400          151         7.4400          151           10.7043        21          30          50          
0.80  2            1.0000      7.4682          151         7.4682          151           10.7429        21          30          50          
0.80  2            1.0000      7.4776          151         7.4776          151           10.7589        21          30          50          
0.80  2            1.0000      7.4638          151         7.4638          151           10.7328        21          30          50          
0.80  2            1.0000      7.4661          151         7.4661          151           10.7421        21          30          50          
0.80  2            1.0000      7.4729          151         7.4729          151           10.7427        21          30          50          
0.80  2            1.0000      7.4665          151         7.4665          151           10.7320        21          30          50          
0.80  2            1.0000      7.4585          155         7.4585          155           10.7291        21          30          50          
0.80  2            1.0000      7.4543          155         7.4543          155           10.7272        21          30          50          
0.80  2            1.0000      7.4566          155         7.4566          155           10.7280        21          30          50          
0.80  2            1.0000      7.4569          155         7.4569          155           10.7317        21          30          50          
0.80  2            1.0000      7.4605          155         7.4605          155           10.7322        21          30          50          
0.80  2            1.0000      7.4612          155         7.4612          155           10.7294        21          30          50          
0.80  2            1.0000      7.4552          155         7.4552          155           10.7200        21          30          50          
0.80  2            1.0000      7.4572          155         7.4572          155           10.7223        21          30          50          
0.80  2            1.0000      7.4558          155         7.4558          155           10.7204        21          30          50          
0.80  2            1.0000      7.4533          155         7.4533          155           10.7167        21          30          50          
0.80  2            1.0000      7.4605          156         7.4605          156           10.7254        21          30          50          
0.80  2            1.0000      7.4639          156         7.4639          156           10.7292        21          30          50          
0.80  2            1.0000      7.4641          156         7.4641          156           10.7300        21          30          50          
0.80  2            1.0000      7.4634          156         7.4634          156           10.7276        21          30          50          
0.80  2            1.0000      7.4615          156         7.4615          156           10.7248        21          30          50          
0.80  2            1.0000      7.4599          156         7.4599          156           10.7244        21          30          50          
0.80  2            1.0000      7.4595          156         7.4595          156           10.7253        21          30          50          
0.80  2            1.0000      7.4612          156         7.4612          156           10.7271        21          30          50          
0.80  2            1.0000      7.4582          156         7.4582          156           10.7210        21          30          50          
0.80  2            1.0000      7.4610          156         7.4610          156           10.7226        21          30          50          
0.80  2            1.0000      7.4622          156         7.4622          156           10.7251        21          30          50          
0.80  2            1.0000      7.4620          156         7.4620          156           10.7242        21          30          50          
       Value   Percentile   TotalCount 1/(1-Percentile)

       1.000     0.000000      1659462         1.00
       1.000     0.100000      1659462         1.11
       1.000     0.200000      1659462         1.25
       2.000     0.300000      2707529         1.43
       3.000     0.400000      3555236         1.67
       4.000     0.500000      4236072         2.00
       5.000     0.550000      4773067         2.22
       6.000     0.600000      5191166         2.50
       7.000     0.650000      5519489         2.86
       8.000     0.700000      5781614         3.33
      10.000     0.750000      6178945         4.00
      12.000     0.775000      6474457         4.44
      13.000     0.800000      6600975         5.00
      15.000     0.825000      6821915         5.71
      17.000     0.850000      7011931         6.67
      19.000     0.875000      7176787         8.00
      21.000     0.887500      7319573         8.89
      22.000     0.900000      7384049        10.00
      24.000     0.912500      7499558        11.43
      26.000     0.925000      7599904        13.33
      28.000     0.937500      7686500        16.00
      30.000     0.943750      7760919        17.78
      31.000     0.950000      7794118        20.00
      33.000     0.956250      7852907        22.86
      35.000     0.962500      7903597        26.67
      37.000     0.968750      7947248        32.00
      38.000     0.971875      7966314        35.56
      40.000     0.975000      8000349        40.00
      41.000     0.978125      8015454        45.71
      43.000     0.981250      8042347        53.33
      45.000     0.984375      8065424        64.00
      47.000     0.985938      8084809        71.11
      48.000     0.987500      8093332        80.00
      50.000     0.989062      8108519        91.43
      51.000     0.990625      8115254       106.67
      54.000     0.992188      8132296       128.00
      55.000     0.992969      8137083       142.22
      56.000     0.993750      8141545       160.00
      58.000     0.994531      8149379       182.86
      60.000     0.995313      8155905       213.33
      62.000     0.996094      8161586       256.00
      63.000     0.996484      8164007       284.44
      64.000     0.996875      8166235       320.00
      66.000     0.997266      8170185       365.71
      68.000     0.997656      8173447       426.67
      70.000     0.998047      8176306       512.00
      71.000     0.998242      8177534       568.89
      72.000     0.998437      8178700       640.00
      74.000     0.998633      8180836       731.43
      76.000     0.998828      8182486       853.33
      78.000     0.999023      8183884      1024.00
      79.000     0.999121      8184526      1137.78
      80.000     0.999219      8185150      1280.00
      82.000     0.999316      8186168      1462.86
      83.000     0.999414      8186641      1706.67
      85.000     0.999512      8187461      2048.00
      86.000     0.999561      8187790      2275.56
      88.000     0.999609      8188386      2560.00
      89.000     0.999658      8188645      2925.71
      91.000     0.999707      8189064      3413.33
      93.000     0.999756      8189433      4096.00
      95.000     0.999780      8189733      4551.11
      96.000     0.999805      8189869      5120.00
      97.000     0.999829      8190001      5851.43
      99.000     0.999854      8190227      6826.67
     101.000     0.999878      8190407      8192.00
     103.000     0.999890      8190549      9102.22
     104.000     0.999902      8190608     10240.00
     106.000     0.999915      8190726     11702.86
     108.000     0.999927      8190826     13653.33
     109.000     0.999939      8190887     16384.00
     110.000     0.999945      8190939     18204.44
     111.000     0.999951      8190982     20480.00
     113.000     0.999957      8191051     23405.71
     115.000     0.999963      8191112     27306.67
     116.000     0.999969      8191135     32768.00
     117.000     0.999973      8191160     36408.89
     118.000     0.999976      8191188     40960.00
     120.000     0.999979      8191227     46811.43
     121.000     0.999982      8191239     54613.33
     123.000     0.999985      8191260     65536.00
     124.000     0.999986      8191270     72817.78
     126.000     0.999988      8191294     81920.00
     126.000     0.999989      8191294     93622.86
     128.000     0.999991      8191316    109226.67
     129.000     0.999992      8191321    131072.00
     130.000     0.999993      8191324    145635.56
     132.000     0.999994      8191334    163840.00
     133.000     0.999995      8191338    187245.71
     134.000     0.999995      8191343    218453.33
     136.000     0.999996      8191349    262144.00
     139.000     0.999997      8191355    291271.11
     140.000     0.999997      8191358    327680.00
     141.000     0.999997      8191362    374491.43
     141.000     0.999998      8191362    436906.67
     143.000     0.999998      8191367    524288.00
     143.000     0.999998      8191367    582542.22
     147.000     0.999998      8191368    655360.00
     148.000     0.999999      8191370    748982.86
     149.000     0.999999      8191373    873813.33
     149.000     0.999999      8191373   1048576.00
     149.000     0.999999      8191373   1165084.44
     151.000     0.999999      8191374   1310720.00
     152.000     0.999999      8191376   1497965.71
     152.000     0.999999      8191376   1747626.67
     154.000     1.000000      8191377   2097152.00
     154.000     1.000000      8191377   2330168.89
     154.000     1.000000      8191377   2621440.00
     155.000     1.000000      8191378   2995931.43
     155.000     1.000000      8191378   3495253.33
     156.000     1.000000      8191379   4194304.00
     156.000     1.000000      8191379   4660337.78
     156.000     1.000000      8191379   5242880.00
     156.000     1.000000      8191379   5991862.86
     156.000     1.000000      8191379   6990506.67
     157.000     1.000000      8191380   8388608.00
     157.000     1.000000      8191380          inf
#[Mean    =        8.462, StdDeviation   =       10.724]
#[Max     =      157.000, Total count    =      8191380]
#[Buckets =           22, SubBuckets     =         2048]
reset:: start ...
reset:: A ...
reset:: Q ...
reset:: B ...
reset:: S ...
reset:: instruments ...
reset histogram ...
{
    "abls": [],
    "frame_number": 1280000,
    "injection_name": "Bernoulli",
    "injection_option": 0,
    "loads": [
        0.8
    ],
    "logging_file": "../logging/default_logging.txt",
    "model_name": "",
    "model_option": 3,
    "name": "Simulator",
    "port_number": 8,
    "type": 0
}
{
    "VOQs": [
        [
            0,
            0,
            0,
            0,
            0,
            0,
            0,
            0
        ],
        [
            0,
            0,
            0,
            0,
            0,
            0,
            0,
            0
        ],
        [
            0,
            0,
            0,
            0,
            0,
            0,
            0,
            0
        ],
        [
            0,
            0,
            0,
            0,
            0,
            0,
            0,
            0
        ],
        [
            0,
            0,
            0,
            0,
            0,
            0,
            0,
            0
        ],
        [
            0,
            0,
            0,
            0,
            0,
            0,
            0,
            0
        ],
        [
            0,
            0,
            0,
            0,
            0,
            0,
            0,
            0
        ],
        [
            0,
            0,
            0,
            0,
            0,
            0,
            0,
            0
        ]
    ],
    "arrivals": [
        -1,
        -1,
        -1,
        -1,
        -1,
        -1,
        -1,
        -1
    ],
    "current_time": 1279999,
    "schedule": [
        0,
        1,
        2,
        3,
        4,
        5,
        6,
        7
    ]
}
{
    "arrivals": 0.0,
    "delay_counter": 0.0,
    "departures": 0.0,
    "max_delay": 0,
    "mean_delay": 0.0,
    "sum_delay": 0.0
}
       Value   Percentile   TotalCount 1/(1-Percentile)

       0.000     1.000000            0          inf
#[Mean    =         -nan, StdDeviation   =         -nan]
#[Max     =        0.000, Total count    =            0]
#[Buckets =           22, SubBuckets     =         2048]
#Load Traffic-Mode Throughput  Mean-Delay      Max-Delay   Mean-Delay-HDR  Max-Delay-HDR Delay-STD-HDR  P90-Delay   P95-Delay   P99-Delay   
0.80  3            0.9999      3.3178          64          3.3178          64            5.0671         9           14          24          
0.80  3            1.0000      3.3341          67          3.3341          67            5.0443         9           14          24          
0.80  3            1.0000      3.2986          72          3.2986          72            5.0093         9           14          24          
0.80  3            1.0000      3.2785          76          3.2785          76            4.9942         9           14          24          
0.80  3            1.0000      3.2560          76          3.2560          76            4.9637         9           14          24          
0.80  3            1.0000      3.2489          76          3.2489          76            4.9585         9           14          24          
0.80  3            1.0000      3.2520          76          3.2520          76            4.9600         9           14          24          
0.80  3            1.0000      3.2492          76          3.2492          76            4.9635         9           14          24          
0.80  3            1.0000      3.2540          76          3.2540          76            4.9621         9           14          24          
0.80  3            1.0000      3.2529          76          3.2529          76            4.9585         9           14          24          
0.80  3            1.0000      3.2494          76          3.2494          76            4.9523         9           14          24          
0.80  3            1.0000      3.2506          94          3.2506          94            4.9518         9           14          24          
0.80  3            1.0000      3.2484          94          3.2484          94            4.9484         9           14          24          
0.80  3            1.0000      3.2449          94          3.2449          94            4.9434         9           14          24          
0.80  3            1.0000      3.2428          94          3.2428          94            4.9397         9           14          24          
0.80  3            1.0000      3.2379          94          3.2379          94            4.9347         9           14          24          
0.80  3            1.0000      3.2335          94          3.2335          94            4.9278         9           14          24          
0.80  3            1.0000      3.2315          94          3.2315          94            4.9263         9           14          24          
0.80  3            1.0000      3.2297          94          3.2297          94            4.9230         9           14          24          
0.80  3            1.0000      3.2313          94          3.2313          94            4.9250         9           14          24          
0.80  3            1.0000      3.2302          94          3.2302          94            4.9227         9           14          24          
0.80  3            1.0000      3.2308          94          3.2308          94            4.9241         9           14          24          
0.80  3            1.0000      3.2294          94          3.2294          94            4.9239         9           14          24          
0.80  3            1.0000      3.2305          94          3.2305          94            4.9260         9           14          24          
0.80  3            1.0000      3.2335          94          3.2335          94            4.9282         9           14          24          
0.80  3            1.0000      3.2328          94          3.2328          94            4.9265         9           14          24          
0.80  3            1.0000      3.2338          94          3.2338          94            4.9270         9           14          24          
0.80  3            1.0000      3.2356          94          3.2356          94            4.9286         9           14          24          
0.80  3            1.0000      3.2346          94          3.2346          94            4.9261         9           14          24          
0.80  3            1.0000      3.2362          94          3.2362          94            4.9265         9           14          24          
0.80  3            1.0000      3.2375          94          3.2375          94            4.9269         9           14          24          
0.80  3            1.0000      3.2353          94          3.2353          94            4.9244         9           14          24          
       Value   Percentile   TotalCount 1/(1-Percentile)

       1.000     0.000000      2389772         1.00
       1.000     0.100000      2389772         1.11
       1.000     0.200000      2389772         1.25
       2.000     0.300000      4003955         1.43
       2.000     0.400000      4003955         1.67
       3.000     0.500000      5191952         2.00
       3.000     0.550000      5191952         2.22
       3.000     0.600000      5191952         2.50
       4.000     0.650000      5988851         2.86
       4.000     0.700000      5988851         3.33
       5.000     0.750000      6499989         4.00
       5.000     0.775000      6499989         4.44
       6.000     0.800000      6830290         5.00
       6.000     0.825000      6830290         5.71
       7.000     0.850000      7055438         6.67
       8.000     0.875000      7219946         8.00
       9.000     0.887500      7349299         8.89
      10.000     0.900000      7457259        10.00
      11.000     0.912500      7551119        11.43
      12.000     0.925000      7633836        13.33
      13.000     0.937500      7706903        16.00
      14.000     0.943750      7771743        17.78
      15.000     0.950000      7829041        20.00
      16.000     0.956250      7879364        22.86
      17.000     0.962500      7923751        26.67
      18.000     0.968750      7962459        32.00
      19.000     0.971875      7996008        35.56
      19.000     0.975000      7996008        40.00
      20.000     0.978125      8024828        45.71
      21.000     0.981250      8050022        53.33
      22.000     0.984375      8071560        64.00
      23.000     0.985938      8090337        71.11
      24.000     0.987500      8106258        80.00
      24.000     0.989062      8106258        91.43
      25.000     0.990625      8119815       106.67
      26.000     0.992188      8131425       128.00
      27.000     0.992969      8141210       142.22
      28.000     0.993750      8149585       160.00
      28.000     0.994531      8149585       182.86
      29.000     0.995313      8156455       213.33
      30.000     0.996094      8162570       256.00
      31.000     0.996484      8167624       284.44
      32.000     0.996875      8171851       320.00
      32.000     0.997266      8171851       365.71
      33.000     0.997656      8175324       426.67
      34.000     0.998047      8178314       512.00
      35.000     0.998242      8180788       568.89
      35.000     0.998437      8180788       640.00
      36.000     0.998633      8182789       731.43
      37.000     0.998828      8184547       853.33
      38.000     0.999023      8186040      1024.00
      39.000     0.999121      8187326      1137.78
      39.000     0.999219      8187326      1280.00
      40.000     0.999316      8188288      1462.86
      41.000     0.999414      8189159      1706.67
      42.000     0.999512      8189840      2048.00
      42.000     0.999561      8189840      2275.56
      43.000     0.999609      8190413      2560.00
      44.000     0.999658      8190881      2925.71
      44.000     0.999707      8190881      3413.33
      45.000     0.999756      8191287      4096.00
      46.000     0.999780      8191620      4551.11
      47.000     0.999805      8191880      5120.00
      47.000     0.999829      8191880      5851.43
      48.000     0.999854      8192118      6826.67
      49.000     0.999878      8192292      8192.00
      50.000     0.999890      8192446      9102.22
      51.000     0.999902      8192577     10240.00
      51.000     0.999915      8192577     11702.86
      52.000     0.999927      8192696     13653.33
      53.000     0.999939      8192784     16384.00
      54.000     0.999945      8192869     18204.44
      54.000     0.999951      8192869     20480.00
      55.000     0.999957      8192929     23405.71
      56.000     0.999963      8192975     27306.67
      57.000     0.999969      8193024     32768.00
      58.000     0.999973      8193056     36408.89
      59.000     0.999976      8193088     40960.00
      60.000     0.999979      8193124     46811.43
      60.000     0.999982      8193124     54613.33
      61.000     0.999985      8193153     65536.00
      62.000     0.999986      8193175     72817.78
      62.000     0.999988      8193175     81920.00
      63.000     0.999989      8193198     93622.86
      63.000     0.999991      8193198    109226.67
      64.000     0.999992      8193209    131072.00
      65.000     0.999993      8193215    145635.56
      66.000     0.999994      8193223    163840.00
      67.000     0.999995      8193228    187245.71
      68.000     0.999995      8193235    218453.33
      70.000     0.999996      8193241    262144.00
      70.000     0.999997      8193241    291271.11
      71.000     0.999997      8193244    327680.00
      72.000     0.999997      8193248    374491.43
      73.000     0.999998      8193253    436906.67
      74.000     0.999998      8193257    524288.00
      74.000     0.999998      8193257    582542.22
      74.000     0.999998      8193257    655360.00
      77.000     0.999999      8193260    748982.86
      77.000     0.999999      8193260    873813.33
      78.000     0.999999      8193262   1048576.00
      78.000     0.999999      8193262   1165084.44
      79.000     0.999999      8193263   1310720.00
      80.000     0.999999      8193265   1497965.71
      80.000     0.999999      8193265   1747626.67
      84.000     1.000000      8193267   2097152.00
      84.000     1.000000      8193267   2330168.89
      84.000     1.000000      8193267   2621440.00
      84.000     1.000000      8193267   2995931.43
      84.000     1.000000      8193267   3495253.33
      87.000     1.000000      8193268   4194304.00
      87.000     1.000000      8193268   4660337.78
      87.000     1.000000      8193268   5242880.00
      87.000     1.000000      8193268   5991862.86
      87.000     1.000000      8193268   6990506.67
      95.000     1.000000      8193269   8388608.00
      95.000     1.000000      8193269          inf
#[Mean    =        4.235, StdDeviation   =        4.924]
#[Max     =       95.000, Total count    =      8193269]
#[Buckets =           22, SubBuckets     =         2048]
reset:: start ...
reset:: A ...
reset:: Q ...
reset:: B ...
reset:: S ...
reset:: instruments ...
reset histogram ...
