
Get seed: 3220655380
{
    "E_Frequency": 100,
    "Ouroboros_filename": "../data/Ouroboros/n=8.txt",
    "Ouroboros_stats_filename": "../results/Simulator-8-1920000-3220655380.dat",
    "Queue_bound": 10000,
    "average_burst_length": -1,
    "average_burst_length_array": [],
    "frame_number": 1920000,
    "injection_name": "Bernoulli",
    "injection_option": 0,
    "load": 0.7,
    "load_array": [
        0.7
    ],
    "model_name": "",
    "model_option": 0,
    "name": "Simulator",
    "port_number": 8,
    "probability_off": -1,
    "probability_on": -1,
    "seed_for_traffic_generator": 3220655380,
    "type": 0,
    "verbosity_level": 1
}
{
    "arrivals": [
        -1,
        -1,
        -1,
        -1,
        -1,
        -1,
        -1,
        -1
    ],
    "current-timeslot": 0,
    "queue-lengths": [
        [
            0,
            0,
            0,
            0,
            0,
            0,
            0,
            0
        ],
        [
            0,
            0,
            0,
            0,
            0,
            0,
            0,
            0
        ],
        [
            0,
            0,
            0,
            0,
            0,
            0,
            0,
            0
        ],
        [
            0,
            0,
            0,
            0,
            0,
            0,
            0,
            0
        ],
        [
            0,
            0,
            0,
            0,
            0,
            0,
            0,
            0
        ],
        [
            0,
            0,
            0,
            0,
            0,
            0,
            0,
            0
        ],
        [
            0,
            0,
            0,
            0,
            0,
            0,
            0,
            0
        ],
        [
            0,
            0,
            0,
            0,
            0,
            0,
            0,
            0
        ]
    ],
    "schedule": [
        0,
        1,
        2,
        3,
        4,
        5,
        6,
        7
    ]
}
0               -1              0           -1          -1          -1          0             0             0             0             0             0             0             0             0             0             0             0             0             0             0             
#Load Traffic-Mode Throughput      Mean-Delay      Max-Delay   P90-Delay   P95-Delay   P99-Delay   cycles        cycles-ourob  cycles-wrong  cycles-bc     cyc-weights   ocyc-weights  wcyc-weights  CS-1          CS-2          CS-3          CS-4          CS-5          CS-6          CS-7          CS-8          
0.700 0            0.999911        7.63775         145         21          30          49          164423        164423        0             0             553676        553676        0             63344         29099         19797         14750         11987         9876          8540          7030          
0.700 0            0.999929        7.65215         174         21          30          49          329120        329120        0             0             1110329       1110329       0             127099        58113         39500         29658         23873         19699         17032         14146         
0.700 0            0.999968        7.6455          174         21          30          49          493828        493828        0             0             1665764       1665764       0             190677        87304         59216         44663         35695         29595         25478         21200         
0.700 0            0.99997         7.65636         174         21          30          49          658657        658657        0             0             2221874       2221874       0             254457        116333        79064         59579         47593         39507         33838         28286         
0.700 0            0.999973        7.65217         174         21          30          49          823483        823483        0             0             2775635       2775635       0             318167        145621        98718         74471         59306         49362         42485         35353         
0.700 0            0.999974        7.66368         174         21          30          49          988209        988209        0             0             3332575       3332575       0             381845        174765        118447        89336         71256         59177         50954         42429         
0.700 0            0.999981        7.66698         174         21          30          49          1153362       1153362       0             0             3887429       3887429       0             445973        204079        138221        103889        83317         69136         59295         49452         
0.700 0            0.999986        7.66843         174         21          30          49          1317897       1317897       0             0             4443090       4443090       0             509414        233302        157868        118830        95154         78941         67798         56590         
0.700 0            0.999983        7.67151         174         21          30          49          1481982       1481982       0             0             4999837       4999837       0             572485        262507        177385        133589        107143        88903         76247         63723         
0.700 0            0.999988        7.68168         174         21          30          49          1646722       1646722       0             0             5559624       5559624       0             636171        291623        197040        148668        118886        98799         84713         70822         
0.700 0            0.999985        7.67026         176         21          30          49          1811326       1811326       0             0             6113229       6113229       0             699620        320850        216930        163645        130554        108637        93034         78056         
0.700 0            0.999991        7.6728          192         21          30          49          1975772       1975772       0             0             6669217       6669217       0             762951        349974        236687        178512        142493        118685        101343        85127         
0.700 0            0.99999         7.67892         192         21          30          49          2140344       2140344       0             0             7228774       7228774       0             826678        379135        256306        193188        154207        128697        109803        92330         
0.700 0            0.999991        7.67922         192         21          30          49          2304871       2304871       0             0             7784223       7784223       0             890583        407897        276015        207891        166054        138589        118414        99428         
0.700 0            0.999992        7.67948         192         21          30          49          2469515       2469515       0             0             8341040       8341040       0             954085        437248        295574        222637        177861        148612        127004        106494        
0.700 0            0.999991        7.67544         192         21          30          49          2634365       2634365       0             0             8895055       8895055       0             1017904       466377        315360        237449        189687        158572        135537        113479        
0.700 0            0.999992        7.6772          192         21          30          49          2798433       2798433       0             0             9451223       9451223       0             1080909       495440        335153        252260        201480        168524        144008        120659        
0.700 0            0.999991        7.68376         192         21          30          49          2962708       2962708       0             0             10011814      10011814      0             1144329       524382        354761        267056        213324        178450        152664        127742        
0.700 0            0.999992        7.68409         192         21          30          49          3127243       3127243       0             0             10569190      10569190      0             1207975       553383        374444        281892        225159        188412        161108        134870        
0.700 0            0.999994        7.68269         192         21          30          49          3292832       3292832       0             0             11124214      11124214      0             1272030       582900        394431        296913        237019        198420        169358        141761        
0.700 0            0.999994        7.68608         192         21          30          49          3457471       3457471       0             0             11682522      11682522      0             1335256       612178        414477        311745        249005        208244        177744        148822        
0.700 0            0.999995        7.68794         192         21          30          49          3622455       3622455       0             0             12240179      12240179      0             1399183       641481        434062        326370        261071        218347        186176        155765        
0.700 0            0.999995        7.68651         192         21          30          49          3787288       3787288       0             0             12794817      12794817      0             1462832       670609        453972        341438        272907        228043        194607        162880        
0.700 0            0.999995        7.68623         192         21          30          49          3951879       3951879       0             0             13351276      13351276      0             1526295       699628        473777        356480        284796        238004        203014        169885        
0.700 0            0.999995        7.6857          192         21          30          49          4116447       4116447       0             0             13905342      13905342      0             1589796       728781        493726        371134        296601        247824        211605        176980        
0.700 0            0.999995        7.68534         192         21          30          49          4280817       4280817       0             0             14461921      14461921      0             1653203       757812        513554        385748        308617        257678        220194        184011        
0.700 0            0.999995        7.68466         192         21          30          49          4445840       4445840       0             0             15016801      15016801      0             1717511       786741        533209        400581        320296        267740        228680        191082        
0.700 0            0.999996        7.68814         192         21          30          49          4610111       4610111       0             0             15576157      15576157      0             1780848       815690        552976        415328        332241        277642        237117        198269        
0.700 0            0.999996        7.68883         192         21          30          49          4775002       4775002       0             0             16131692      16131692      0             1844648       844961        572670        430164        344080        287588        245604        205287        
0.700 0            0.999995        7.68886         192         21          30          49          4939851       4939851       0             0             16688568      16688568      0             1908588       873888        592542        444919        356018        297502        254024        212370        
0.700 0            0.999996        7.69008         192         21          30          49          5104975       5104975       0             0             17246716      17246716      0             1972369       903443        612238        459769        367830        307520        262523        219283        
0.700 0            0.999996        7.69073         192         21          30          49          5269760       5269760       0             0             17803673      17803673      0             2036382       932461        631675        474700        379728        317487        270947        226380        
       Value   Percentile   TotalCount 1/(1-Percentile)

       1.000     0.000000      3048678         1.00
       1.000     0.100000      3048678         1.11
       1.000     0.200000      3048678         1.25
       2.000     0.300000      4208341         1.43
       3.000     0.400000      4866894         1.67
       4.000     0.500000      5405645         2.00
       6.000     0.550000      6326722         2.22
       7.000     0.600000      6723018         2.50
       8.000     0.650000      7080820         2.86
      10.000     0.700000      7699821         3.33
      12.000     0.750000      8205063         4.00
      13.000     0.775000      8423605         4.44
      14.000     0.800000      8622737         5.00
      16.000     0.825000      8967039         5.71
      18.000     0.850000      9252267         6.67
      20.000     0.875000      9490662         8.00
      21.000     0.887500      9594027         8.89
      22.000     0.900000      9688572        10.00
      24.000     0.912500      9854441        11.43
      26.000     0.925000      9993106        13.33
      28.000     0.937500     10109846        16.00
      29.000     0.943750     10160849        17.78
      31.000     0.950000     10251093        20.00
      32.000     0.956250     10290735        22.86
      34.000     0.962500     10360431        26.67
      36.000     0.968750     10419073        32.00
      38.000     0.971875     10469135        35.56
      39.000     0.975000     10491162        40.00
      41.000     0.978125     10529866        45.71
      43.000     0.981250     10563045        53.33
      45.000     0.984375     10591410        64.00
      46.000     0.985938     10603797        71.11
      48.000     0.987500     10625740        80.00
      49.000     0.989062     10635446        91.43
      51.000     0.990625     10652550       106.67
      53.000     0.992188     10667179       128.00
      55.000     0.992969     10679841       142.22
      56.000     0.993750     10685402       160.00
      58.000     0.994531     10695225       182.86
      60.000     0.995313     10703514       213.33
      62.000     0.996094     10710630       256.00
      63.000     0.996484     10713843       284.44
      65.000     0.996875     10719390       320.00
      66.000     0.997266     10721830       365.71
      68.000     0.997656     10726250       426.67
      71.000     0.998047     10731641       512.00
      72.000     0.998242     10733181       568.89
      73.000     0.998437     10734627       640.00
      75.000     0.998633     10737157       731.43
      77.000     0.998828     10739220       853.33
      79.000     0.999023     10741022      1024.00
      80.000     0.999121     10741768      1137.78
      82.000     0.999219     10743130      1280.00
      83.000     0.999316     10743769      1462.86
      85.000     0.999414     10744871      1706.67
      87.000     0.999512     10745856      2048.00
      89.000     0.999561     10746713      2275.56
      90.000     0.999609     10747064      2560.00
      92.000     0.999658     10747687      2925.71
      93.000     0.999707     10747972      3413.33
      96.000     0.999756     10748662      4096.00
      97.000     0.999780     10748874      4551.11
      98.000     0.999805     10749065      5120.00
     100.000     0.999829     10749358      5851.43
     102.000     0.999854     10749626      6826.67
     104.000     0.999878     10749831      8192.00
     105.000     0.999890     10749938      9102.22
     107.000     0.999902     10750120     10240.00
     108.000     0.999915     10750211     11702.86
     110.000     0.999927     10750362     13653.33
     112.000     0.999939     10750483     16384.00
     113.000     0.999945     10750533     18204.44
     114.000     0.999951     10750586     20480.00
     116.000     0.999957     10750684     23405.71
     117.000     0.999963     10750722     27306.67
     119.000     0.999969     10750782     32768.00
     120.000     0.999973     10750811     36408.89
     122.000     0.999976     10750846     40960.00
     124.000     0.999979     10750882     46811.43
     126.000     0.999982     10750912     54613.33
     128.000     0.999985     10750948     65536.00
     129.000     0.999986     10750960     72817.78
     130.000     0.999988     10750973     81920.00
     132.000     0.999989     10750992     93622.86
     133.000     0.999991     10751004    109226.67
     135.000     0.999992     10751027    131072.00
     136.000     0.999993     10751030    145635.56
     138.000     0.999994     10751042    163840.00
     139.000     0.999995     10751049    187245.71
     141.000     0.999995     10751058    218453.33
     142.000     0.999996     10751062    262144.00
     145.000     0.999997     10751068    291271.11
     146.000     0.999997     10751073    327680.00
     147.000     0.999997     10751074    374491.43
     149.000     0.999998     10751079    436906.67
     150.000     0.999998     10751083    524288.00
     151.000     0.999998     10751084    582542.22
     152.000     0.999998     10751086    655360.00
     153.000     0.999999     10751088    748982.86
     158.000     0.999999     10751092    873813.33
     158.000     0.999999     10751092   1048576.00
     159.000     0.999999     10751093   1165084.44
     161.000     0.999999     10751094   1310720.00
     169.000     0.999999     10751095   1497965.71
     171.000     0.999999     10751096   1747626.67
     173.000     1.000000     10751097   2097152.00
     175.000     1.000000     10751098   2330168.89
     175.000     1.000000     10751098   2621440.00
     177.000     1.000000     10751100   2995931.43
     177.000     1.000000     10751100   3495253.33
     177.000     1.000000     10751100   4194304.00
     177.000     1.000000     10751100   4660337.78
     177.000     1.000000     10751100   5242880.00
     185.000     1.000000     10751101   5991862.86
     185.000     1.000000     10751101   6990506.67
     185.000     1.000000     10751101   8388608.00
     185.000     1.000000     10751101   9320675.55
     185.000     1.000000     10751101  10485760.00
     193.000     1.000000     10751102  11983725.71
     193.000     1.000000     10751102          inf
#[Mean    =        8.691, StdDeviation   =       10.829]
#[Max     =      193.000, Total count    =     10751102]
#[Buckets =           22, SubBuckets     =         2048]
{
    "E_Frequency": 100,
    "Ouroboros_filename": "../data/Ouroboros/n=8.txt",
    "Ouroboros_stats_filename": "../results/Simulator-8-1920000-3220655380.dat",
    "Queue_bound": 10000,
    "average_burst_length": -1,
    "average_burst_length_array": [],
    "frame_number": 1920000,
    "injection_name": "Bernoulli",
    "injection_option": 0,
    "load": 0.7,
    "load_array": [
        0.7
    ],
    "model_name": "",
    "model_option": 1,
    "name": "Simulator",
    "port_number": 8,
    "probability_off": -1,
    "probability_on": -1,
    "seed_for_traffic_generator": 3220655380,
    "type": 0,
    "verbosity_level": 1
}
{
    "arrivals": [
        -1,
        -1,
        -1,
        -1,
        -1,
        -1,
        -1,
        -1
    ],
    "current-timeslot": 0,
    "queue-lengths": [
        [
            0,
            0,
            0,
            0,
            0,
            0,
            0,
            0
        ],
        [
            0,
            0,
            0,
            0,
            0,
            0,
            0,
            0
        ],
        [
            0,
            0,
            0,
            0,
            0,
            0,
            0,
            0
        ],
        [
            0,
            0,
            0,
            0,
            0,
            0,
            0,
            0
        ],
        [
            0,
            0,
            0,
            0,
            0,
            0,
            0,
            0
        ],
        [
            0,
            0,
            0,
            0,
            0,
            0,
            0,
            0
        ],
        [
            0,
            0,
            0,
            0,
            0,
            0,
            0,
            0
        ],
        [
            0,
            0,
            0,
            0,
            0,
            0,
            0,
            0
        ]
    ],
    "schedule": [
        0,
        1,
        2,
        3,
        4,
        5,
        6,
        7
    ]
}
0               -1              0           -1          -1          -1          0             0             0             0             0             0             0             0             0             0             0             0             0             0             0             
#Load Traffic-Mode Throughput      Mean-Delay      Max-Delay   P90-Delay   P95-Delay   P99-Delay   cycles        cycles-ourob  cycles-wrong  cycles-bc     cyc-weights   ocyc-weights  wcyc-weights  CS-1          CS-2          CS-3          CS-4          CS-5          CS-6          CS-7          CS-8          
0.700 1            0.999917        4.37974         135         12          20          40          220356        220356        0             0             557290        557290        0             128183        31035         17892         13952         11548         9260          6013          2473          
0.700 1            0.999969        4.38837         167         12          20          40          440526        440526        0             0             1118102       1118102       0             256084        61888         36113         27673         23321         18420         12024         5003          
0.700 1            0.999985        4.37284         167         12          20          40          661847        661847        0             0             1674076       1674076       0             385113        92946         54285         41638         34852         27634         17932         7447          
0.700 1            0.999973        4.37064         170         12          20          40          883362        883362        0             0             2230524       2230524       0             514346        124303        72321         55424         46365         36729         23906         9968          
0.700 1            0.999986        4.37459         170         12          20          40          1104580       1104580       0             0             2789792       2789792       0             643552        155031        90491         69259         58139         45904         29818         12386         
0.700 1            0.999989        4.37818         170         12          20          40          1325348       1325348       0             0             3347815       3347815       0             772213        185882        108600        83005         69858         55068         35895         14827         
0.700 1            0.99999         4.37793         170         12          20          40          1546267       1546267       0             0             3904940       3904940       0             900736        217101        126806        96702         81514         64299         41864         17245         
0.700 1            0.999994        4.37879         170         12          20          40          1767148       1767148       0             0             4463026       4463026       0             1029325       248079        145010        110516        93207         73447         47902         19662         
0.700 1            0.999995        4.38041         170         12          20          40          1987970       1987970       0             0             5021713       5021713       0             1157733       279345        163188        124286        104678        82665         53919         22156         
0.700 1            0.999994        4.38032         170         12          20          40          2208354       2208354       0             0             5578408       5578408       0             1285954       310258        181196        138238        116252        91895         60008         24553         
0.700 1            0.999995        4.37832         170         12          20          40          2429536       2429536       0             0             6134782       6134782       0             1414956       341512        199084        151981        127896        101221        65890         26996         
0.700 1            0.999993        4.37792         170         12          20          40          2650408       2650408       0             0             6693249       6693249       0             1543576       372582        217010        165907        139597        110507        71833         29396         
0.700 1            0.999995        4.37862         170         12          20          40          2871591       2871591       0             0             7251006       7251006       0             1672433       403862        235193        179587        151130        119711        77744         31931         
0.700 1            0.999995        4.37906         170         12          20          40          3092191       3092191       0             0             7809368       7809368       0             1801000       434894        253011        193468        162592        128978        83809         34439         
0.700 1            0.999996        4.37983         170         12          20          40          3312781       3312781       0             0             8366753       8366753       0             1929139       466143        271285        207104        174166        138150        89890         36904         
0.700 1            0.999996        4.37795         170         12          20          40          3534031       3534031       0             0             8921734       8921734       0             2057992       497403        289359        221065        185633        147374        95872         39333         
0.700 1            0.999994        4.37867         170         12          20          40          3754490       3754490       0             0             9478420       9478420       0             2186122       528470        307410        234929        197214        156571        101968        41806         
0.700 1            0.999996        4.37609         170         12          20          40          3975646       3975646       0             0             10034931      10034931      0             2315011       559486        325691        248631        208966        165713        107816        44332         
0.700 1            0.999997        4.37573         170         12          20          40          4195925       4195925       0             0             10593078      10593078      0             2443212       590339        343611        262445        220559        175018        113870        46871         
0.700 1            0.999997        4.37487         170         12          20          40          4416973       4416973       0             0             11150489      11150489      0             2571744       621553        361686        276426        232297        184129        119863        49275         
0.700 1            0.999997        4.37418         170         12          20          40          4638364       4638364       0             0             11707992      11707992      0             2700375       653226        379766        290358        244017        193196        125738        51688         
0.700 1            0.999996        4.3781          170         12          20          40          4858338       4858338       0             0             12271525      12271525      0             2827982       684179        397794        304331        255626        202351        131906        54169         
0.700 1            0.999997        4.37868         170         12          20          40          5078779       5078779       0             0             12827589      12827589      0             2956323       715130        415655        318268        267321        211568        137913        56601         
0.700 1            0.999996        4.38163         170         12          20          40          5299123       5299123       0             0             13387751      13387751      0             3084571       746080        433605        332108        278936        220779        144020        59024         
0.700 1            0.999996        4.38143         170         12          20          40          5519743       5519743       0             0             13945864      13945864      0             3212976       777079        451821        345736        290627        230073        149962        61469         
0.700 1            0.999998        4.38195         170         12          20          40          5740717       5740717       0             0             14504473      14504473      0             3341368       808486        470001        359600        302185        239316        155884        63877         
0.700 1            0.999998        4.38114         170         12          20          40          5961583       5961583       0             0             15060852      15060852      0             3470242       839230        488270        373445        313740        248421        161830        66405         
0.700 1            0.999997        4.38221         170         12          20          40          6182260       6182260       0             0             15621217      15621217      0             3598524       870503        506421        387212        325204        257665        167891        68840         
0.700 1            0.999998        4.38219         203         12          20          40          6403100       6403100       0             0             16179495      16179495      0             3727308       901457        524342        401085        336788        266961        173910        71249         
0.700 1            0.999998        4.38211         203         12          20          40          6623943       6623943       0             0             16737328      16737328      0             3855659       932751        542514        414923        348429        275975        179894        73798         
0.700 1            0.999998        4.38324         203         12          20          40          6844808       6844808       0             0             17297167      17297167      0             3984419       963718        560491        428592        360269        285223        185811        76285         
0.700 1            0.999998        4.38049         203         12          20          40          7065355       7065355       0             0             17851553      17851553      0             4112720       994716        578534        442433        371849        294441        191953        78709         
       Value   Percentile   TotalCount 1/(1-Percentile)

       1.000     0.000000      3513232         1.00
       1.000     0.100000      3513232         1.11
       1.000     0.200000      3513232         1.25
       1.000     0.300000      3513232         1.43
       2.000     0.400000      5445901         1.67
       2.000     0.500000      5445901         2.00
       3.000     0.550000      6586729         2.22
       3.000     0.600000      6586729         2.50
       4.000     0.650000      7374656         2.86
       5.000     0.700000      7953367         3.33
       6.000     0.750000      8385159         4.00
       6.000     0.775000      8385159         4.44
       7.000     0.800000      8713807         5.00
       8.000     0.825000      8971602         5.71
       9.000     0.850000      9177978         6.67
      11.000     0.875000      9492140         8.00
      12.000     0.887500      9614367         8.89
      13.000     0.900000      9720950        10.00
      14.000     0.912500      9814600        11.43
      16.000     0.925000      9971710        13.33
      18.000     0.937500     10098055        16.00
      19.000     0.943750     10152084        17.78
      21.000     0.950000     10246031        20.00
      22.000     0.956250     10286945        22.86
      24.000     0.962500     10357803        26.67
      26.000     0.968750     10417003        32.00
      28.000     0.971875     10467389        35.56
      29.000     0.975000     10489404        40.00
      31.000     0.978125     10528332        45.71
      33.000     0.981250     10561509        53.33
      35.000     0.984375     10589615        64.00
      36.000     0.985938     10602069        71.11
      38.000     0.987500     10624047        80.00
      40.000     0.989062     10642642        91.43
      42.000     0.990625     10658734       106.67
      44.000     0.992188     10672197       128.00
      45.000     0.992969     10678350       142.22
      47.000     0.993750     10689023       160.00
      48.000     0.994531     10693780       182.86
      50.000     0.995313     10702215       213.33
      53.000     0.996094     10712877       256.00
      54.000     0.996484     10715908       284.44
      55.000     0.996875     10718662       320.00
      57.000     0.997266     10723568       365.71
      59.000     0.997656     10727816       426.67
      61.000     0.998047     10731407       512.00
      63.000     0.998242     10734386       568.89
      64.000     0.998437     10735756       640.00
      66.000     0.998633     10738129       731.43
      68.000     0.998828     10740243       853.33
      70.000     0.999023     10742060      1024.00
      71.000     0.999121     10742837      1137.78
      73.000     0.999219     10744209      1280.00
      75.000     0.999316     10745372      1462.86
      77.000     0.999414     10746387      1706.67
      79.000     0.999512     10747267      2048.00
      80.000     0.999561     10747678      2275.56
      81.000     0.999609     10748037      2560.00
      83.000     0.999658     10748637      2925.71
      85.000     0.999707     10749160      3413.33
      87.000     0.999756     10749589      4096.00
      89.000     0.999780     10749975      4551.11
      90.000     0.999805     10750139      5120.00
      92.000     0.999829     10750458      5851.43
      94.000     0.999854     10750732      6826.67
      96.000     0.999878     10750949      8192.00
      97.000     0.999890     10751043      9102.22
      99.000     0.999902     10751227     10240.00
     100.000     0.999915     10751301     11702.86
     102.000     0.999927     10751436     13653.33
     104.000     0.999939     10751553     16384.00
     107.000     0.999945     10751663     18204.44
     108.000     0.999951     10751703     20480.00
     110.000     0.999957     10751777     23405.71
     112.000     0.999963     10751836     27306.67
     114.000     0.999969     10751895     32768.00
     115.000     0.999973     10751918     36408.89
     117.000     0.999976     10751959     40960.00
     118.000     0.999979     10751980     46811.43
     120.000     0.999982     10752018     54613.33
     122.000     0.999985     10752051     65536.00
     123.000     0.999986     10752059     72817.78
     125.000     0.999988     10752080     81920.00
     126.000     0.999989     10752092     93622.86
     129.000     0.999991     10752114    109226.67
     130.000     0.999992     10752125    131072.00
     132.000     0.999993     10752143    145635.56
     132.000     0.999994     10752143    163840.00
     134.000     0.999995     10752151    187245.71
     136.000     0.999995     10752159    218453.33
     138.000     0.999996     10752167    262144.00
     140.000     0.999997     10752172    291271.11
     142.000     0.999997     10752179    327680.00
     142.000     0.999997     10752179    374491.43
     143.000     0.999998     10752183    436906.67
     146.000     0.999998     10752189    524288.00
     146.000     0.999998     10752189    582542.22
     149.000     0.999998     10752192    655360.00
     149.000     0.999999     10752192    748982.86
     151.000     0.999999     10752194    873813.33
     154.000     0.999999     10752196   1048576.00
     159.000     0.999999     10752198   1165084.44
     159.000     0.999999     10752198   1310720.00
     161.000     0.999999     10752199   1497965.71
     162.000     0.999999     10752200   1747626.67
     166.000     1.000000     10752201   2097152.00
     168.000     1.000000     10752202   2330168.89
     168.000     1.000000     10752202   2621440.00
     171.000     1.000000     10752203   2995931.43
     171.000     1.000000     10752203   3495253.33
     182.000     1.000000     10752204   4194304.00
     182.000     1.000000     10752204   4660337.78
     182.000     1.000000     10752204   5242880.00
     193.000     1.000000     10752205   5991862.86
     193.000     1.000000     10752205   6990506.67
     193.000     1.000000     10752205   8388608.00
     193.000     1.000000     10752205   9320675.55
     193.000     1.000000     10752205  10485760.00
     204.000     1.000000     10752206  11983725.71
     204.000     1.000000     10752206          inf
#[Mean    =        5.380, StdDeviation   =        7.994]
#[Max     =      204.000, Total count    =     10752206]
#[Buckets =           22, SubBuckets     =         2048]
{
    "E_Frequency": 100,
    "Ouroboros_filename": "../data/Ouroboros/n=8.txt",
    "Ouroboros_stats_filename": "../results/Simulator-8-1920000-3220655380.dat",
    "Queue_bound": 10000,
    "average_burst_length": -1,
    "average_burst_length_array": [],
    "frame_number": 1920000,
    "injection_name": "Bernoulli",
    "injection_option": 0,
    "load": 0.7,
    "load_array": [
        0.7
    ],
    "model_name": "",
    "model_option": 2,
    "name": "Simulator",
    "port_number": 8,
    "probability_off": -1,
    "probability_on": -1,
    "seed_for_traffic_generator": 3220655380,
    "type": 0,
    "verbosity_level": 1
}
{
    "arrivals": [
        -1,
        -1,
        -1,
        -1,
        -1,
        -1,
        -1,
        -1
    ],
    "current-timeslot": 0,
    "queue-lengths": [
        [
            0,
            0,
            0,
            0,
            0,
            0,
            0,
            0
        ],
        [
            0,
            0,
            0,
            0,
            0,
            0,
            0,
            0
        ],
        [
            0,
            0,
            0,
            0,
            0,
            0,
            0,
            0
        ],
        [
            0,
            0,
            0,
            0,
            0,
            0,
            0,
            0
        ],
        [
            0,
            0,
            0,
            0,
            0,
            0,
            0,
            0
        ],
        [
            0,
            0,
            0,
            0,
            0,
            0,
            0,
            0
        ],
        [
            0,
            0,
            0,
            0,
            0,
            0,
            0,
            0
        ],
        [
            0,
            0,
            0,
            0,
            0,
            0,
            0,
            0
        ]
    ],
    "schedule": [
        0,
        1,
        2,
        3,
        4,
        5,
        6,
        7
    ]
}
0               -1              0           -1          -1          -1          0             0             0             0             0             0             0             0             0             0             0             0             0             0             0             
#Load Traffic-Mode Throughput      Mean-Delay      Max-Delay   P90-Delay   P95-Delay   P99-Delay   cycles        cycles-ourob  cycles-wrong  cycles-bc     cyc-weights   ocyc-weights  wcyc-weights  CS-1          CS-2          CS-3          CS-4          CS-5          CS-6          CS-7          CS-8          
0.700 2            0.999926        4.96331         121         15          23          42          215897        215897        0             0             538467        538467        0             122734        29603         19636         14748         11466         8795          6100          2815          
0.700 2            0.999957        4.98303         157         15          23          42          431651        431651        0             0             1078974       1078974       0             244926        59399         39570         29542         22902         17484         12160         5668          
0.700 2            0.999967        4.95886         157         15          23          42          648162        648162        0             0             1614155       1614155       0             368402        88862         59324         44414         34215         26280         18205         8460          
0.700 2            0.999978        4.95933         157         15          23          42          863766        863766        0             0             2153070       2153070       0             491115        118132        78851         59265         45508         35175         24374         11346         
0.700 2            0.999986        4.94963         157         15          23          42          1079919       1079919       0             0             2688263       2688263       0             614103        147527        98658         74133         56998         43893         30467         14140         
0.700 2            0.999987        4.94331         157         15          23          42          1296162       1296162       0             0             3222743       3222743       0             737186        177323        118302        88775         68413         52668         36543         16952         
0.700 2            0.999986        4.94595         163         15          23          42          1512089       1512089       0             0             3762314       3762314       0             859900        206881        137996        103714        79723         61476         42649         19750         
0.700 2            0.999989        4.94998         163         15          23          42          1727926       1727926       0             0             4301063       4301063       0             982710        236293        157785        118348        91199         70173         48804         22614         
0.700 2            0.999991        4.95489         163         15          23          42          1943137       1943137       0             0             4840535       4840535       0             1104861       265804        177316        133003        102652        78967         55051         25483         
0.700 2            0.999992        4.95419         163         15          23          42          2159383       2159383       0             0             5377459       5377459       0             1227872       295531        197076        147493        114216        87847         61064         28284         
0.700 2            0.999993        4.95287         163         15          23          42          2375635       2375635       0             0             5914992       5914992       0             1350928       325053        216985        162193        125661        96678         67126         31011         
0.700 2            0.999995        4.95008         163         15          23          42          2591492       2591492       0             0             6451031       6451031       0             1473356       354807        236722        176954        137193        105504        73181         33775         
0.700 2            0.999996        4.95016         163         15          23          42          2807541       2807541       0             0             6989672       6989672       0             1596205       384225        256622        191644        148749        114317        79208         36571         
0.700 2            0.999994        4.94576         163         15          23          42          3023563       3023563       0             0             7523662       7523662       0             1718873       413906        276476        206434        160199        122964        85396         39315         
0.700 2            0.999994        4.94374         163         15          23          42          3239658       3239658       0             0             8060465       8060465       0             1841526       443562        296567        221018        171680        131748        91511         42046         
0.700 2            0.999995        4.9426          163         15          23          42          3455794       3455794       0             0             8596968       8596968       0             1964742       472894        316248        235806        183094        140495        97674         44841         
0.700 2            0.999996        4.94132         163         15          23          42          3672047       3672047       0             0             9134236       9134236       0             2088178       502073        335854        250754        194533        149227        103785        47643         
0.700 2            0.999995        4.93733         163         15          23          42          3888306       3888306       0             0             9666702       9666702       0             2211611       531450        355358        265419        206033        157975        109932        50528         
0.700 2            0.999996        4.93684         166         15          23          42          4104135       4104135       0             0             10203224      10203224      0             2334265       560752        375344        280316        217352        166701        116079        53326         
0.700 2            0.999997        4.9354          166         15          23          42          4320262       4320262       0             0             10739550      10739550      0             2457224       590256        395146        294996        228934        175500        122092        56114         
0.700 2            0.999996        4.93808         166         15          23          42          4536258       4536258       0             0             11280074      11280074      0             2580108       619836        414698        309845        240448        184203        128184        58936         
0.700 2            0.999997        4.93813         166         15          23          42          4751916       4751916       0             0             11817452      11817452      0             2702556       649343        434453        324468        251964        193090        134313        61729         
0.700 2            0.999997        4.93693         166         15          23          42          4967895       4967895       0             0             12352961      12352961      0             2825351       679003        454040        339304        263294        201924        140467        64512         
0.700 2            0.999997        4.9382          166         15          23          42          5183839       5183839       0             0             12891957      12891957      0             2948264       708314        473724        354003        274891        210773        146553        67317         
0.700 2            0.999997        4.93822         166         15          23          42          5400146       5400146       0             0             13428215      13428215      0             3071130       738088        493521        368775        286337        219590        152610        70095         
0.700 2            0.999996        4.93923         166         15          23          42          5616473       5616473       0             0             13964784      13964784      0             3194376       767694        513147        383637        297601        228381        158708        72929         
0.700 2            0.999997        4.9389          166         15          23          42          5832287       5832287       0             0             14500760      14500760      0             3316987       797187        532965        398455        308994        237203        164800        75696         
0.700 2            0.999998        4.93882         166         15          23          42          6049049       6049049       0             0             15034958      15034958      0             3440649       826770        552676        413215        320596        245866        170845        78432         
0.700 2            0.999997        4.93936         166         15          23          42          6264756       6264756       0             0             15574434      15574434      0             3563254       856100        572383        428009        332228        254555        176981        81246         
0.700 2            0.999996        4.94039         166         15          23          42          6481007       6481007       0             0             16112821      16112821      0             3686411       885663        591948        442648        343735        263489        182982        84131         
0.700 2            0.999997        4.94129         166         15          23          42          6696341       6696341       0             0             16650697      16650697      0             3808615       915179        611599        457323        355196        272359        189124        86946         
0.700 2            0.999997        4.94031         166         15          23          42          6913184       6913184       0             0             17186801      17186801      0             3932245       944828        631435        472037        366566        281195        195146        89732         
       Value   Percentile   TotalCount 1/(1-Percentile)

       1.000     0.000000      3705049         1.00
       1.000     0.100000      3705049         1.11
       1.000     0.200000      3705049         1.25
       1.000     0.300000      3705049         1.43
       2.000     0.400000      5528943         1.67
       2.000     0.500000      5528943         2.00
       3.000     0.550000      6543510         2.22
       3.000     0.600000      6543510         2.50
       4.000     0.650000      7226880         2.86
       5.000     0.700000      7722983         3.33
       6.000     0.750000      8097892         4.00
       7.000     0.775000      8390694         4.44
       8.000     0.800000      8628406         5.00
      10.000     0.825000      9002360         5.71
      11.000     0.850000      9155619         6.67
      13.000     0.875000      9416246         8.00
      15.000     0.887500      9630946         8.89
      16.000     0.900000      9723764        10.00
      18.000     0.912500      9887183        11.43
      19.000     0.925000      9958667        13.33
      21.000     0.937500     10083739        16.00
      23.000     0.943750     10188669        17.78
      24.000     0.950000     10234445        20.00
      26.000     0.956250     10315681        22.86
      27.000     0.962500     10350975        26.67
      30.000     0.968750     10441158        32.00
      31.000     0.971875     10466557        35.56
      32.000     0.975000     10489616        40.00
      34.000     0.978125     10530124        45.71
      36.000     0.981250     10564250        53.33
      38.000     0.984375     10593069        64.00
      39.000     0.985938     10605517        71.11
      40.000     0.987500     10617304        80.00
      42.000     0.989062     10637734        91.43
      44.000     0.990625     10654813       106.67
      46.000     0.992188     10669413       128.00
      47.000     0.992969     10675819       142.22
      49.000     0.993750     10687145       160.00
      50.000     0.994531     10692207       182.86
      52.000     0.995313     10701126       213.33
      54.000     0.996094     10708568       256.00
      56.000     0.996484     10714941       284.44
      57.000     0.996875     10717755       320.00
      59.000     0.997266     10722832       365.71
      61.000     0.997656     10726953       426.67
      63.000     0.998047     10730429       512.00
      64.000     0.998242     10731967       568.89
      65.000     0.998437     10733425       640.00
      67.000     0.998633     10735892       731.43
      69.000     0.998828     10738119       853.33
      71.000     0.999023     10739922      1024.00
      72.000     0.999121     10740783      1137.78
      74.000     0.999219     10742205      1280.00
      75.000     0.999316     10742832      1462.86
      77.000     0.999414     10743925      1706.67
      80.000     0.999512     10745328      2048.00
      81.000     0.999561     10745719      2275.56
      82.000     0.999609     10746096      2560.00
      84.000     0.999658     10746722      2925.71
      86.000     0.999707     10747250      3413.33
      88.000     0.999756     10747703      4096.00
      89.000     0.999780     10747910      4551.11
      90.000     0.999805     10748111      5120.00
      92.000     0.999829     10748407      5851.43
      94.000     0.999854     10748652      6826.67
      96.000     0.999878     10748858      8192.00
      98.000     0.999890     10749064      9102.22
      99.000     0.999902     10749142     10240.00
     101.000     0.999915     10749306     11702.86
     102.000     0.999927     10749378     13653.33
     105.000     0.999939     10749548     16384.00
     106.000     0.999945     10749602     18204.44
     107.000     0.999951     10749652     20480.00
     109.000     0.999957     10749729     23405.71
     111.000     0.999963     10749800     27306.67
     113.000     0.999969     10749850     32768.00
     114.000     0.999973     10749883     36408.89
     115.000     0.999976     10749901     40960.00
     117.000     0.999979     10749940     46811.43
     119.000     0.999982     10749972     54613.33
     121.000     0.999985     10750000     65536.00
     123.000     0.999986     10750028     72817.78
     124.000     0.999988     10750042     81920.00
     125.000     0.999989     10750051     93622.86
     128.000     0.999991     10750068    109226.67
     130.000     0.999992     10750081    131072.00
     131.000     0.999993     10750090    145635.56
     133.000     0.999994     10750100    163840.00
     134.000     0.999995     10750108    187245.71
     136.000     0.999995     10750113    218453.33
     138.000     0.999996     10750125    262144.00
     138.000     0.999997     10750125    291271.11
     140.000     0.999997     10750130    327680.00
     141.000     0.999997     10750133    374491.43
     143.000     0.999998     10750139    436906.67
     144.000     0.999998     10750143    524288.00
     144.000     0.999998     10750143    582542.22
     147.000     0.999998     10750146    655360.00
     148.000     0.999999     10750150    748982.86
     148.000     0.999999     10750150    873813.33
     149.000     0.999999     10750153   1048576.00
     149.000     0.999999     10750153   1165084.44
     149.000     0.999999     10750153   1310720.00
     153.000     0.999999     10750154   1497965.71
     154.000     0.999999     10750155   1747626.67
     155.000     1.000000     10750156   2097152.00
     156.000     1.000000     10750157   2330168.89
     156.000     1.000000     10750157   2621440.00
     158.000     1.000000     10750158   2995931.43
     158.000     1.000000     10750158   3495253.33
     159.000     1.000000     10750159   4194304.00
     159.000     1.000000     10750159   4660337.78
     159.000     1.000000     10750159   5242880.00
     164.000     1.000000     10750160   5991862.86
     164.000     1.000000     10750160   6990506.67
     164.000     1.000000     10750160   8388608.00
     164.000     1.000000     10750160   9320675.55
     164.000     1.000000     10750160  10485760.00
     167.000     1.000000     10750161  11983725.71
     167.000     1.000000     10750161          inf
#[Mean    =        5.940, StdDeviation   =        8.795]
#[Max     =      167.000, Total count    =     10750161]
#[Buckets =           22, SubBuckets     =         2048]
{
    "E_Frequency": 100,
    "Ouroboros_filename": "../data/Ouroboros/n=8.txt",
    "Ouroboros_stats_filename": "../results/Simulator-8-1920000-3220655380.dat",
    "Queue_bound": 10000,
    "average_burst_length": -1,
    "average_burst_length_array": [],
    "frame_number": 1920000,
    "injection_name": "Bernoulli",
    "injection_option": 0,
    "load": 0.7,
    "load_array": [
        0.7
    ],
    "model_name": "",
    "model_option": 3,
    "name": "Simulator",
    "port_number": 8,
    "probability_off": -1,
    "probability_on": -1,
    "seed_for_traffic_generator": 3220655380,
    "type": 0,
    "verbosity_level": 1
}
{
    "arrivals": [
        -1,
        -1,
        -1,
        -1,
        -1,
        -1,
        -1,
        -1
    ],
    "current-timeslot": 0,
    "queue-lengths": [
        [
            0,
            0,
            0,
            0,
            0,
            0,
            0,
            0
        ],
        [
            0,
            0,
            0,
            0,
            0,
            0,
            0,
            0
        ],
        [
            0,
            0,
            0,
            0,
            0,
            0,
            0,
            0
        ],
        [
            0,
            0,
            0,
            0,
            0,
            0,
            0,
            0
        ],
        [
            0,
            0,
            0,
            0,
            0,
            0,
            0,
            0
        ],
        [
            0,
            0,
            0,
            0,
            0,
            0,
            0,
            0
        ],
        [
            0,
            0,
            0,
            0,
            0,
            0,
            0,
            0
        ],
        [
            0,
            0,
            0,
            0,
            0,
            0,
            0,
            0
        ]
    ],
    "schedule": [
        0,
        1,
        2,
        3,
        4,
        5,
        6,
        7
    ]
}
0               -1              0           -1          -1          -1          0             0             0             0             0             0             0             0             0             0             0             0             0             0             0             
#Load Traffic-Mode Throughput      Mean-Delay      Max-Delay   P90-Delay   P95-Delay   P99-Delay   cycles        cycles-ourob  cycles-wrong  cycles-bc     cyc-weights   ocyc-weights  wcyc-weights  CS-1          CS-2          CS-3          CS-4          CS-5          CS-6          CS-7          CS-8          
0.700 3            0.999976        1.69901         59          5           8           17          317765        317765        0             0             487379        487379        0             238670        46702         13042         5914          5144          4419          2986          888           
0.700 3            0.999993        1.69741         67          5           8           17          634087        634087        0             0             974477        974477        0             476043        92749         26248         11898         10291         9111          5926          1821          
0.700 3            0.999991        1.70076         68          5           9           17          951992        951992        0             0             1463162       1463162       0             714632        139491        39465         17870         15466         13597         8745          2726          
0.700 3            0.999994        1.69762         68          5           9           17          1268727       1268727       0             0             1950728       1950728       0             952024        186077        52650         23923         20559         18233         11677         3584          
0.700 3            0.999991        1.69751         68          5           8           17          1586488       1586488       0             0             2440760       2440760       0             1190515       232582        65963         30051         25685         22738         14441         4513          
0.700 3            0.999995        1.69652         68          5           8           17          1904144       1904144       0             0             2928791       2928791       0             1429122       279127        78973         36134         30740         27246         17335         5467          
0.700 3            0.999996        1.69445         68          5           8           17          2221363       2221363       0             0             3416164       3416164       0             1667065       325516        92269         42189         35999         31849         20109         6367          
0.700 3            0.999996        1.69193         71          5           8           17          2538956       2538956       0             0             3901525       3901525       0             1905422       371941        105587        48158         41248         36396         22945         7259          
0.700 3            0.999998        1.69091         71          5           8           17          2855596       2855596       0             0             4389647       4389647       0             2142945       417989        118944        54248         46474         41050         25761         8185          
0.700 3            0.999998        1.69183         71          5           8           17          3173051       3173051       0             0             4877592       4877592       0             2380991       464722        132206        60232         51685         45657         28492         9066          
0.700 3            0.999998        1.69246         71          5           8           17          3490966       3490966       0             0             5365671       5365671       0             2619930       511052        145433        66279         56892         50159         31303         9918          
0.700 3            0.999999        1.68902         71          5           8           17          3809065       3809065       0             0             5848023       5848023       0             2859133       557318        158716        72327         61930         54698         34119         10824         
0.700 3            0.999998        1.68807         71          5           8           17          4126153       4126153       0             0             6334160       6334160       0             3097379       603312        171966        78221         67221         59360         36970         11724         
0.700 3            0.999999        1.68897         71          5           8           17          4443759       4443759       0             0             6823302       6823302       0             3336092       649614        185011        84278         72380         63972         39829         12583         
0.700 3            0.999997        1.68882         71          5           8           17          4761034       4761034       0             0             7308983       7308983       0             3574485       695812        198189        90242         77572         68515         42738         13481         
0.700 3            0.999999        1.68956         71          5           8           17          5078146       5078146       0             0             7798374       7798374       0             3812197       742236        211687        96309         82710         73010         45656         14341         
0.700 3            0.999998        1.69032         71          5           8           17          5395067       5395067       0             0             8288323       8288323       0             4050186       788180        224912        102407        88028         77658         48494         15202         
0.700 3            0.999998        1.68985         71          5           8           17          5711367       5711367       0             0             8775114       8775114       0             4287373       834424        238015        108372        93304         82322         51462         16095         
0.700 3            0.999999        1.68933         71          5           8           17          6028811       6028811       0             0             9261626       9261626       0             4525696       880768        251182        114343        98616         86938         54298         16970         
0.700 3            0.999998        1.68906         71          5           8           17          6346177       6346177       0             0             9747416       9747416       0             4763721       927298        264463        120422        103791        91471         57151         17860         
0.700 3            0.999998        1.68899         71          5           8           17          6664355       6664355       0             0             10234007      10234007      0             5002933       973828        277501        126336        108969        96059         59931         18798         
0.700 3            0.999999        1.68872         71          5           8           17          6981746       6981746       0             0             10721207      10721207      0             5241097       1020186       290909        132377        114113        100663        62743         19658         
0.700 3            0.999999        1.68826         71          5           8           17          7298799       7298799       0             0             11208518      11208518      0             5479253       1066140       304305        138321        119273        105350        65557         20600         
0.700 3            1               1.68845         71          5           8           17          7616525       7616525       0             0             11697074      11697074      0             5718114       1112205       317589        144300        124531        109930        68406         21450         
0.700 3            0.999999        1.68836         71          5           8           17          7934548       7934548       0             0             12184749      12184749      0             5957151       1158463       330864        150345        129727        114511        71150         22337         
0.700 3            0.999999        1.68834         71          5           8           17          8251905       8251905       0             0             12671324      12671324      0             6195341       1205042       343988        156293        134888        119077        74015         23261         
0.700 3            0.999999        1.68798         77          5           8           17          8569020       8569020       0             0             13158964      13158964      0             6433453       1251353       357125        162266        139957        123771        76873         24222         
0.700 3            0.999999        1.68817         77          5           8           17          8886760       8886760       0             0             13646345      13646345      0             6672268       1297539       370360        168261        145151        128340        79721         25120         
0.700 3            0.999998        1.68843         77          5           8           17          9204568       9204568       0             0             14134202      14134202      0             6911286       1343620       383716        174148        150295        132924        82533         26046         
0.700 3            0.999999        1.68872         77          5           8           17          9521657       9521657       0             0             14622598      14622598      0             7149354       1389747       396952        180155        155599        137606        85355         26889         
0.700 3            0.999999        1.68828         77          5           8           17          9839962       9839962       0             0             15108249      15108249      0             7388810       1436034       409983        186238        160919        142106        88122         27750         
0.700 3            0.999999        1.68884         77          5           8           17          10159326      10159326      0             0             15596789      15596789      0             7629210       1482568       423309        192244        166052        146468        90869         28606         
       Value   Percentile   TotalCount 1/(1-Percentile)

       1.000     0.000000      5459594         1.00
       1.000     0.100000      5459594         1.11
       1.000     0.200000      5459594         1.25
       1.000     0.300000      5459594         1.43
       1.000     0.400000      5459594         1.67
       1.000     0.500000      5459594         2.00
       2.000     0.550000      7826164         2.22
       2.000     0.600000      7826164         2.50
       2.000     0.650000      7826164         2.86
       2.000     0.700000      7826164         3.33
       3.000     0.750000      8845564         4.00
       3.000     0.775000      8845564         4.44
       3.000     0.800000      8845564         5.00
       4.000     0.825000      9345505         5.71
       4.000     0.850000      9345505         6.67
       5.000     0.875000      9639896         8.00
       5.000     0.887500      9639896         8.89
       6.000     0.900000      9840615        10.00
       6.000     0.912500      9840615        11.43
       7.000     0.925000      9993775        13.33
       8.000     0.937500     10118190        16.00
       9.000     0.943750     10221369        17.78
       9.000     0.950000     10221369        20.00
      10.000     0.956250     10308018        22.86
      11.000     0.962500     10381196        26.67
      12.000     0.968750     10442732        32.00
      13.000     0.971875     10494292        35.56
      13.000     0.975000     10494292        40.00
      14.000     0.978125     10537533        45.71
      15.000     0.981250     10573935        53.33
      16.000     0.984375     10604077        64.00
      16.000     0.985938     10604077        71.11
      17.000     0.987500     10629176        80.00
      18.000     0.989062     10650106        91.43
      19.000     0.990625     10667411       106.67
      20.000     0.992188     10681737       128.00
      20.000     0.992969     10681737       142.22
      21.000     0.993750     10693880       160.00
      22.000     0.994531     10704101       182.86
      22.000     0.995313     10704101       213.33
      23.000     0.996094     10712375       256.00
      24.000     0.996484     10719399       284.44
      25.000     0.996875     10725073       320.00
      25.000     0.997266     10725073       365.71
      26.000     0.997656     10729711       426.67
      27.000     0.998047     10733635       512.00
      28.000     0.998242     10737008       568.89
      28.000     0.998437     10737008       640.00
      29.000     0.998633     10739785       731.43
      30.000     0.998828     10742101       853.33
      31.000     0.999023     10743958      1024.00
      32.000     0.999121     10745524      1137.78
      32.000     0.999219     10745524      1280.00
      33.000     0.999316     10746835      1462.86
      34.000     0.999414     10747928      1706.67
      35.000     0.999512     10748891      2048.00
      35.000     0.999561     10748891      2275.56
      36.000     0.999609     10749607      2560.00
      37.000     0.999658     10750263      2925.71
      38.000     0.999707     10750798      3413.33
      38.000     0.999756     10750798      4096.00
      39.000     0.999780     10751259      4551.11
      40.000     0.999805     10751589      5120.00
      40.000     0.999829     10751589      5851.43
      41.000     0.999854     10751902      6826.67
      42.000     0.999878     10752147      8192.00
      43.000     0.999890     10752355      9102.22
      44.000     0.999902     10752571     10240.00
      44.000     0.999915     10752571     11702.86
      45.000     0.999927     10752715     13653.33
      46.000     0.999939     10752836     16384.00
      46.000     0.999945     10752836     18204.44
      47.000     0.999951     10752940     20480.00
      48.000     0.999957     10753008     23405.71
      49.000     0.999963     10753083     27306.67
      50.000     0.999969     10753133     32768.00
      50.000     0.999973     10753133     36408.89
      51.000     0.999976     10753173     40960.00
      52.000     0.999979     10753219     46811.43
      52.000     0.999982     10753219     54613.33
      54.000     0.999985     10753286     65536.00
      54.000     0.999986     10753286     72817.78
      54.000     0.999988     10753286     81920.00
      55.000     0.999989     10753306     93622.86
      56.000     0.999991     10753330    109226.67
      57.000     0.999992     10753347    131072.00
      57.000     0.999993     10753347    145635.56
      58.000     0.999994     10753355    163840.00
      59.000     0.999995     10753365    187245.71
      60.000     0.999995     10753377    218453.33
      60.000     0.999996     10753377    262144.00
      61.000     0.999997     10753382    291271.11
      62.000     0.999997     10753388    327680.00
      62.000     0.999997     10753388    374491.43
      64.000     0.999998     10753393    436906.67
      65.000     0.999998     10753397    524288.00
      65.000     0.999998     10753397    582542.22
      67.000     0.999998     10753399    655360.00
      68.000     0.999999     10753405    748982.86
      68.000     0.999999     10753405    873813.33
      68.000     0.999999     10753405   1048576.00
      69.000     0.999999     10753408   1165084.44
      69.000     0.999999     10753408   1310720.00
      69.000     0.999999     10753408   1497965.71
      71.000     0.999999     10753411   1747626.67
      71.000     1.000000     10753411   2097152.00
      71.000     1.000000     10753411   2330168.89
      71.000     1.000000     10753411   2621440.00
      72.000     1.000000     10753413   2995931.43
      72.000     1.000000     10753413   3495253.33
      72.000     1.000000     10753413   4194304.00
      72.000     1.000000     10753413   4660337.78
      72.000     1.000000     10753413   5242880.00
      78.000     1.000000     10753415   5991862.86
      78.000     1.000000     10753415          inf
#[Mean    =        2.689, StdDeviation   =        3.458]
#[Max     =       78.000, Total count    =     10753415]
#[Buckets =           22, SubBuckets     =         2048]
