Get seed: 2889120433
{
    "abls": [],
    "frame_number": 1280000,
    "injection_name": "Bernoulli",
    "injection_option": 0,
    "loads": [
        0.7
    ],
    "logging_file": "../logging/default_logging.txt",
    "model_name": "",
    "model_option": 0,
    "name": "Simulator",
    "port_number": 8,
    "type": 0
}
{
    "VOQs": [
        [
            0,
            0,
            0,
            0,
            0,
            0,
            0,
            0
        ],
        [
            0,
            0,
            0,
            0,
            0,
            0,
            0,
            0
        ],
        [
            0,
            0,
            0,
            0,
            0,
            0,
            0,
            0
        ],
        [
            0,
            0,
            0,
            0,
            0,
            0,
            0,
            0
        ],
        [
            0,
            0,
            0,
            0,
            0,
            0,
            0,
            0
        ],
        [
            0,
            0,
            0,
            0,
            0,
            0,
            0,
            0
        ],
        [
            0,
            0,
            0,
            0,
            0,
            0,
            0,
            0
        ],
        [
            0,
            0,
            0,
            0,
            0,
            0,
            0,
            0
        ]
    ],
    "arrivals": [
        -1,
        -1,
        -1,
        -1,
        -1,
        -1,
        -1,
        -1
    ],
    "current_time": 0,
    "schedule": [
        0,
        1,
        2,
        3,
        4,
        5,
        6,
        7
    ]
}
{
    "arrivals": 0.0,
    "delay_counter": 0.0,
    "departures": 0.0,
    "max_delay": 0,
    "mean_delay": 0.0,
    "sum_delay": 0.0
}
       Value   Percentile   TotalCount 1/(1-Percentile)

       0.000     1.000000            0          inf
#[Mean    =         -nan, StdDeviation   =         -nan]
#[Max     =        0.000, Total count    =            0]
#[Buckets =           22, SubBuckets     =         2048]
#Load Traffic-Mode Throughput  Mean-Delay      Max-Delay   Mean-Delay-HDR  Max-Delay-HDR Delay-STD-HDR  P90-Delay   P95-Delay   P99-Delay   
0.70  0            0.9998      8.4797          157         8.4797          157           11.7899        23          32          54          
0.70  0            0.9999      8.4278          179         8.4278          179           11.7662        23          32          53          
0.70  0            0.9999      8.4132          179         8.4132          179           11.7586        23          32          54          
0.70  0            0.9999      8.4298          179         8.4298          179           11.7713        23          32          54          
0.70  0            1.0000      8.4379          179         8.4379          179           11.7703        23          32          54          
0.70  0            1.0000      8.4457          179         8.4457          179           11.7830        23          32          54          
0.70  0            1.0000      8.4553          179         8.4553          179           11.7906        23          32          54          
0.70  0            1.0000      8.4565          179         8.4565          179           11.7895        23          32          54          
0.70  0            1.0000      8.4597          179         8.4597          179           11.7879        23          32          54          
0.70  0            1.0000      8.4556          179         8.4556          179           11.7885        23          32          54          
0.70  0            1.0000      8.4558          179         8.4558          179           11.7917        23          32          54          
0.70  0            1.0000      8.4562          179         8.4562          179           11.7908        23          32          54          
0.70  0            1.0000      8.4582          179         8.4582          179           11.7849        23          32          54          
0.70  0            1.0000      8.4535          179         8.4535          179           11.7785        23          32          54          
0.70  0            1.0000      8.4486          179         8.4486          179           11.7723        23          32          54          
0.70  0            1.0000      8.4471          179         8.4471          179           11.7716        23          32          54          
0.70  0            1.0000      8.4429          179         8.4429          179           11.7654        23          32          54          
0.70  0            1.0000      8.4467          179         8.4467          179           11.7678        23          32          54          
0.70  0            1.0000      8.4431          179         8.4431          179           11.7652        23          32          54          
0.70  0            1.0000      8.4436          196         8.4436          196           11.7638        23          32          54          
0.70  0            1.0000      8.4460          196         8.4460          196           11.7658        23          32          54          
0.70  0            1.0000      8.4454          196         8.4454          196           11.7706        23          32          54          
0.70  0            1.0000      8.4461          196         8.4461          196           11.7727        23          32          54          
0.70  0            1.0000      8.4460          196         8.4460          196           11.7721        23          32          54          
0.70  0            1.0000      8.4492          196         8.4492          196           11.7739        23          32          54          
0.70  0            1.0000      8.4463          196         8.4463          196           11.7700        23          32          54          
0.70  0            1.0000      8.4454          196         8.4454          196           11.7647        23          32          54          
0.70  0            1.0000      8.4475          196         8.4475          196           11.7689        23          32          54          
0.70  0            1.0000      8.4471          196         8.4471          196           11.7698        23          32          54          
0.70  0            1.0000      8.4467          196         8.4467          196           11.7712        23          32          54          
0.70  0            1.0000      8.4501          196         8.4501          196           11.7748        23          32          54          
0.70  0            1.0000      8.4506          196         8.4506          196           11.7737        23          32          54          
       Value   Percentile   TotalCount 1/(1-Percentile)

       1.000     0.000000      2063993         1.00
       1.000     0.100000      2063993         1.11
       1.000     0.200000      2063993         1.25
       2.000     0.300000      2670705         1.43
       3.000     0.400000      3081007         1.67
       5.000     0.500000      3757858         2.00
       6.000     0.550000      4048301         2.22
       7.000     0.600000      4311698         2.50
       9.000     0.650000      4766199         2.86
      11.000     0.700000      5141645         3.33
      13.000     0.750000      5453607         4.00
      14.000     0.775000      5588788         4.44
      16.000     0.800000      5826194         5.00
      17.000     0.825000      5930201         5.71
      19.000     0.850000      6113280         6.67
      22.000     0.875000      6335871         8.00
      23.000     0.887500      6398257         8.89
      24.000     0.900000      6456454        10.00
      26.000     0.912500      6558643        11.43
      28.000     0.925000      6645384        13.33
      30.000     0.937500      6720289        16.00
      32.000     0.943750      6783075        17.78
      33.000     0.950000      6811336        20.00
      35.000     0.956250      6861752        22.86
      37.000     0.962500      6904797        26.67
      40.000     0.968750      6958537        32.00
      41.000     0.971875      6973787        35.56
      43.000     0.975000      7001158        40.00
      44.000     0.978125      7013398        45.71
      46.000     0.981250      7035210        53.33
      49.000     0.984375      7062412        64.00
      50.000     0.985938      7070136        71.11
      52.000     0.987500      7083980        80.00
      53.000     0.989062      7090221        91.43
      55.000     0.990625      7101339       106.67
      58.000     0.992188      7115133       128.00
      59.000     0.992969      7119095       142.22
      61.000     0.993750      7125898       160.00
      62.000     0.994531      7128996       182.86
      64.000     0.995313      7134622       213.33
      67.000     0.996094      7141495       256.00
      68.000     0.996484      7143508       284.44
      70.000     0.996875      7146870       320.00
      71.000     0.997266      7148436       365.71
      73.000     0.997656      7151248       426.67
      76.000     0.998047      7154721       512.00
      77.000     0.998242      7155714       568.89
      79.000     0.998437      7157456       640.00
      80.000     0.998633      7158212       731.43
      82.000     0.998828      7159664       853.33
      85.000     0.999023      7161396      1024.00
      86.000     0.999121      7161878      1137.78
      88.000     0.999219      7162792      1280.00
      89.000     0.999316      7163187      1462.86
      91.000     0.999414      7163870      1706.67
      94.000     0.999512      7164719      2048.00
      95.000     0.999561      7164957      2275.56
      97.000     0.999609      7165388      2560.00
      98.000     0.999658      7165549      2925.71
     100.000     0.999707      7165914      3413.33
     103.000     0.999756      7166371      4096.00
     104.000     0.999780      7166514      4551.11
     105.000     0.999805      7166625      5120.00
     107.000     0.999829      7166841      5851.43
     109.000     0.999854      7167007      6826.67
     111.000     0.999878      7167140      8192.00
     112.000     0.999890      7167201      9102.22
     114.000     0.999902      7167313     10240.00
     116.000     0.999915      7167397     11702.86
     118.000     0.999927      7167475     13653.33
     120.000     0.999939      7167562     16384.00
     122.000     0.999945      7167626     18204.44
     123.000     0.999951      7167668     20480.00
     124.000     0.999957      7167687     23405.71
     126.000     0.999963      7167744     27306.67
     128.000     0.999969      7167773     32768.00
     130.000     0.999973      7167798     36408.89
     132.000     0.999976      7167824     40960.00
     133.000     0.999979      7167839     46811.43
     136.000     0.999982      7167863     54613.33
     140.000     0.999985      7167887     65536.00
     141.000     0.999986      7167893     72817.78
     143.000     0.999988      7167901     81920.00
     145.000     0.999989      7167914     93622.86
     147.000     0.999991      7167924    109226.67
     150.000     0.999992      7167936    131072.00
     151.000     0.999993      7167940    145635.56
     153.000     0.999994      7167948    163840.00
     154.000     0.999995      7167951    187245.71
     156.000     0.999995      7167957    218453.33
     158.000     0.999996      7167963    262144.00
     159.000     0.999997      7167967    291271.11
     159.000     0.999997      7167967    327680.00
     161.000     0.999997      7167972    374491.43
     161.000     0.999998      7167972    436906.67
     162.000     0.999998      7167975    524288.00
     163.000     0.999998      7167977    582542.22
     169.000     0.999998      7167980    655360.00
     169.000     0.999999      7167980    748982.86
     169.000     0.999999      7167980    873813.33
     173.000     0.999999      7167982   1048576.00
     173.000     0.999999      7167982   1165084.44
     174.000     0.999999      7167984   1310720.00
     174.000     0.999999      7167984   1497965.71
     174.000     0.999999      7167984   1747626.67
     178.000     1.000000      7167986   2097152.00
     178.000     1.000000      7167986   2330168.89
     178.000     1.000000      7167986   2621440.00
     178.000     1.000000      7167986   2995931.43
     178.000     1.000000      7167986   3495253.33
     180.000     1.000000      7167987   4194304.00
     180.000     1.000000      7167987   4660337.78
     180.000     1.000000      7167987   5242880.00
     180.000     1.000000      7167987   5991862.86
     180.000     1.000000      7167987   6990506.67
     197.000     1.000000      7167988   8388608.00
     197.000     1.000000      7167988          inf
#[Mean    =        9.451, StdDeviation   =       11.774]
#[Max     =      197.000, Total count    =      7167988]
#[Buckets =           22, SubBuckets     =         2048]
reset:: start ...
reset:: A ...
reset:: Q ...
reset:: B ...
reset:: S ...
reset:: instruments ...
reset histogram ...
{
    "abls": [],
    "frame_number": 1280000,
    "injection_name": "Bernoulli",
    "injection_option": 0,
    "loads": [
        0.7
    ],
    "logging_file": "../logging/default_logging.txt",
    "model_name": "",
    "model_option": 1,
    "name": "Simulator",
    "port_number": 8,
    "type": 0
}
{
    "VOQs": [
        [
            0,
            0,
            0,
            0,
            0,
            0,
            0,
            0
        ],
        [
            0,
            0,
            0,
            0,
            0,
            0,
            0,
            0
        ],
        [
            0,
            0,
            0,
            0,
            0,
            0,
            0,
            0
        ],
        [
            0,
            0,
            0,
            0,
            0,
            0,
            0,
            0
        ],
        [
            0,
            0,
            0,
            0,
            0,
            0,
            0,
            0
        ],
        [
            0,
            0,
            0,
            0,
            0,
            0,
            0,
            0
        ],
        [
            0,
            0,
            0,
            0,
            0,
            0,
            0,
            0
        ],
        [
            0,
            0,
            0,
            0,
            0,
            0,
            0,
            0
        ]
    ],
    "arrivals": [
        -1,
        -1,
        -1,
        -1,
        -1,
        -1,
        -1,
        -1
    ],
    "current_time": 1279999,
    "schedule": [
        0,
        1,
        2,
        3,
        4,
        5,
        6,
        7
    ]
}
{
    "arrivals": 0.0,
    "delay_counter": 0.0,
    "departures": 0.0,
    "max_delay": 0,
    "mean_delay": 0.0,
    "sum_delay": 0.0
}
       Value   Percentile   TotalCount 1/(1-Percentile)

       0.000     1.000000            0          inf
#[Mean    =         -nan, StdDeviation   =         -nan]
#[Max     =        0.000, Total count    =            0]
#[Buckets =           22, SubBuckets     =         2048]
#Load Traffic-Mode Throughput  Mean-Delay      Max-Delay   Mean-Delay-HDR  Max-Delay-HDR Delay-STD-HDR  P90-Delay   P95-Delay   P99-Delay   
0.70  1            0.9999      4.7119          153         4.7119          153           8.9097         13          22          44          
0.70  1            1.0000      4.6894          174         4.6894          174           8.8619         13          22          44          
0.70  1            1.0000      4.6845          174         4.6845          174           8.8310         13          22          44          
0.70  1            1.0000      4.6844          174         4.6844          174           8.8189         13          22          44          
0.70  1            1.0000      4.6983          174         4.6983          174           8.8323         13          22          44          
0.70  1            1.0000      4.6898          174         4.6898          174           8.8145         13          22          44          
0.70  1            1.0000      4.6810          174         4.6810          174           8.7996         13          22          44          
0.70  1            1.0000      4.6816          174         4.6816          174           8.7956         13          22          44          
0.70  1            1.0000      4.6819          174         4.6819          174           8.7908         13          22          44          
0.70  1            1.0000      4.6810          190         4.6810          190           8.7976         13          22          44          
0.70  1            1.0000      4.6828          190         4.6828          190           8.7981         13          22          44          
0.70  1            1.0000      4.6835          190         4.6835          190           8.7989         13          22          44          
0.70  1            1.0000      4.6846          190         4.6846          190           8.8048         13          22          44          
0.70  1            1.0000      4.6874          190         4.6874          190           8.8110         13          22          44          
0.70  1            1.0000      4.6888          190         4.6888          190           8.8138         13          22          44          
0.70  1            1.0000      4.6877          190         4.6877          190           8.8146         13          22          44          
0.70  1            1.0000      4.6875          190         4.6875          190           8.8140         13          22          44          
0.70  1            1.0000      4.6864          190         4.6864          190           8.8096         13          22          44          
0.70  1            1.0000      4.6860          190         4.6860          190           8.8111         13          22          44          
0.70  1            1.0000      4.6848          190         4.6848          190           8.8059         13          22          44          
0.70  1            1.0000      4.6871          190         4.6871          190           8.8111         13          22          44          
0.70  1            1.0000      4.6882          190         4.6882          190           8.8129         13          22          44          
0.70  1            1.0000      4.6882          190         4.6882          190           8.8116         13          22          44          
0.70  1            1.0000      4.6900          190         4.6900          190           8.8118         13          22          44          
0.70  1            1.0000      4.6892          190         4.6892          190           8.8071         13          22          44          
0.70  1            1.0000      4.6868          190         4.6868          190           8.8030         13          22          44          
0.70  1            1.0000      4.6894          190         4.6894          190           8.8048         13          22          44          
0.70  1            1.0000      4.6914          190         4.6914          190           8.8071         13          22          44          
0.70  1            1.0000      4.6916          190         4.6916          190           8.8082         13          22          44          
0.70  1            1.0000      4.6890          190         4.6890          190           8.8033         13          22          44          
0.70  1            1.0000      4.6889          190         4.6889          190           8.8005         13          22          44          
0.70  1            1.0000      4.6908          190         4.6908          190           8.8043         13          22          44          
       Value   Percentile   TotalCount 1/(1-Percentile)

       1.000     0.000000      2422889         1.00
       1.000     0.100000      2422889         1.11
       1.000     0.200000      2422889         1.25
       1.000     0.300000      2422889         1.43
       2.000     0.400000      3559627         1.67
       3.000     0.500000      4319478         2.00
       3.000     0.550000      4319478         2.22
       3.000     0.600000      4319478         2.50
       4.000     0.650000      4863991         2.86
       5.000     0.700000      5260443         3.33
       6.000     0.750000      5551720         4.00
       7.000     0.775000      5769975         4.44
       7.000     0.800000      5769975         5.00
       8.000     0.825000      5938060         5.71
      10.000     0.850000      6180567         6.67
      11.000     0.875000      6272183         8.00
      13.000     0.887500      6419085         8.89
      14.000     0.900000      6479657        10.00
      16.000     0.912500      6582663        11.43
      18.000     0.925000      6667300        13.33
      20.000     0.937500      6738432        16.00
      21.000     0.943750      6769459        17.78
      23.000     0.950000      6823905        20.00
      25.000     0.956250      6870680        22.86
      27.000     0.962500      6910898        26.67
      29.000     0.968750      6944998        32.00
      31.000     0.971875      6974432        35.56
      32.000     0.975000      6987767        40.00
      34.000     0.978125      7011445        45.71
      36.000     0.981250      7032053        53.33
      39.000     0.984375      7057852        64.00
      40.000     0.985938      7065326        71.11
      42.000     0.987500      7078802        80.00
      44.000     0.989062      7090187        91.43
      46.000     0.990625      7100297       106.67
      48.000     0.992188      7109058       128.00
      50.000     0.992969      7116648       142.22
      52.000     0.993750      7123144       160.00
      53.000     0.994531      7126142       182.86
      55.000     0.995313      7131448       213.33
      58.000     0.996094      7138234       256.00
      59.000     0.996484      7140233       284.44
      61.000     0.996875      7143512       320.00
      63.000     0.997266      7146495       365.71
      65.000     0.997656      7149050       426.67
      67.000     0.998047      7151197       512.00
      69.000     0.998242      7153100       568.89
      70.000     0.998437      7153958       640.00
      72.000     0.998633      7155476       731.43
      74.000     0.998828      7156779       853.33
      77.000     0.999023      7158443      1024.00
      78.000     0.999121      7158952      1137.78
      80.000     0.999219      7159807      1280.00
      81.000     0.999316      7160178      1462.86
      83.000     0.999414      7160853      1706.67
      86.000     0.999512      7161706      2048.00
      87.000     0.999561      7161974      2275.56
      89.000     0.999609      7162377      2560.00
      91.000     0.999658      7162735      2925.71
      92.000     0.999707      7162922      3413.33
      95.000     0.999756      7163394      4096.00
      96.000     0.999780      7163508      4551.11
      97.000     0.999805      7163606      5120.00
      99.000     0.999829      7163829      5851.43
     101.000     0.999854      7163988      6826.67
     103.000     0.999878      7164134      8192.00
     105.000     0.999890      7164268      9102.22
     106.000     0.999902      7164337     10240.00
     107.000     0.999915      7164394     11702.86
     109.000     0.999927      7164476     13653.33
     112.000     0.999939      7164605     16384.00
     113.000     0.999945      7164635     18204.44
     114.000     0.999951      7164658     20480.00
     116.000     0.999957      7164709     23405.71
     118.000     0.999963      7164754     27306.67
     120.000     0.999969      7164788     32768.00
     122.000     0.999973      7164811     36408.89
     124.000     0.999976      7164833     40960.00
     126.000     0.999979      7164855     46811.43
     127.000     0.999982      7164870     54613.33
     129.000     0.999985      7164893     65536.00
     130.000     0.999986      7164902     72817.78
     132.000     0.999988      7164913     81920.00
     135.000     0.999989      7164927     93622.86
     137.000     0.999991      7164937    109226.67
     139.000     0.999992      7164949    131072.00
     140.000     0.999993      7164952    145635.56
     141.000     0.999994      7164957    163840.00
     142.000     0.999995      7164964    187245.71
     144.000     0.999995      7164970    218453.33
     145.000     0.999996      7164973    262144.00
     146.000     0.999997      7164976    291271.11
     148.000     0.999997      7164979    327680.00
     150.000     0.999997      7164981    374491.43
     151.000     0.999998      7164984    436906.67
     154.000     0.999998      7164987    524288.00
     157.000     0.999998      7164988    582542.22
     159.000     0.999998      7164990    655360.00
     161.000     0.999999      7164991    748982.86
     162.000     0.999999      7164992    873813.33
     169.000     0.999999      7164994   1048576.00
     169.000     0.999999      7164994   1165084.44
     175.000     0.999999      7164996   1310720.00
     175.000     0.999999      7164996   1497965.71
     175.000     0.999999      7164996   1747626.67
     183.000     1.000000      7164997   2097152.00
     183.000     1.000000      7164997   2330168.89
     188.000     1.000000      7164998   2621440.00
     188.000     1.000000      7164998   2995931.43
     188.000     1.000000      7164998   3495253.33
     190.000     1.000000      7164999   4194304.00
     190.000     1.000000      7164999   4660337.78
     190.000     1.000000      7164999   5242880.00
     190.000     1.000000      7164999   5991862.86
     190.000     1.000000      7164999   6990506.67
     191.000     1.000000      7165000   8388608.00
     191.000     1.000000      7165000          inf
#[Mean    =        5.691, StdDeviation   =        8.804]
#[Max     =      191.000, Total count    =      7165000]
#[Buckets =           22, SubBuckets     =         2048]
reset:: start ...
reset:: A ...
reset:: Q ...
reset:: B ...
reset:: S ...
reset:: instruments ...
reset histogram ...
{
    "abls": [],
    "frame_number": 1280000,
    "injection_name": "Bernoulli",
    "injection_option": 0,
    "loads": [
        0.7
    ],
    "logging_file": "../logging/default_logging.txt",
    "model_name": "",
    "model_option": 2,
    "name": "Simulator",
    "port_number": 8,
    "type": 0
}
{
    "VOQs": [
        [
            0,
            0,
            0,
            0,
            0,
            0,
            0,
            0
        ],
        [
            0,
            0,
            0,
            0,
            0,
            0,
            0,
            0
        ],
        [
            0,
            0,
            0,
            0,
            0,
            0,
            0,
            0
        ],
        [
            0,
            0,
            0,
            0,
            0,
            0,
            0,
            0
        ],
        [
            0,
            0,
            0,
            0,
            0,
            0,
            0,
            0
        ],
        [
            0,
            0,
            0,
            0,
            0,
            0,
            0,
            0
        ],
        [
            0,
            0,
            0,
            0,
            0,
            0,
            0,
            0
        ],
        [
            0,
            0,
            0,
            0,
            0,
            0,
            0,
            0
        ]
    ],
    "arrivals": [
        -1,
        -1,
        -1,
        -1,
        -1,
        -1,
        -1,
        -1
    ],
    "current_time": 1279999,
    "schedule": [
        0,
        1,
        2,
        3,
        4,
        5,
        6,
        7
    ]
}
{
    "arrivals": 0.0,
    "delay_counter": 0.0,
    "departures": 0.0,
    "max_delay": 0,
    "mean_delay": 0.0,
    "sum_delay": 0.0
}
       Value   Percentile   TotalCount 1/(1-Percentile)

       0.000     1.000000            0          inf
#[Mean    =         -nan, StdDeviation   =         -nan]
#[Max     =        0.000, Total count    =            0]
#[Buckets =           22, SubBuckets     =         2048]
#Load Traffic-Mode Throughput  Mean-Delay      Max-Delay   Mean-Delay-HDR  Max-Delay-HDR Delay-STD-HDR  P90-Delay   P95-Delay   P99-Delay   
0.70  2            0.9998      5.2179          142         5.2179          142           9.3412         16          24          45          
0.70  2            0.9999      5.2418          157         5.2418          157           9.3867         16          24          45          
0.70  2            0.9999      5.2362          157         5.2362          157           9.3801         16          24          45          
0.70  2            1.0000      5.2459          157         5.2459          157           9.3902         16          25          45          
0.70  2            1.0000      5.2461          157         5.2461          157           9.3923         16          25          45          
0.70  2            1.0000      5.2420          157         5.2420          157           9.3893         16          25          45          
0.70  2            1.0000      5.2389          157         5.2389          157           9.3764         16          25          45          
0.70  2            1.0000      5.2337          157         5.2337          157           9.3636         16          25          45          
0.70  2            1.0000      5.2320          157         5.2320          157           9.3627         16          24          45          
0.70  2            1.0000      5.2309          157         5.2309          157           9.3562         16          24          45          
0.70  2            1.0000      5.2352          157         5.2352          157           9.3674         16          24          45          
0.70  2            1.0000      5.2388          157         5.2388          157           9.3718         16          25          45          
0.70  2            1.0000      5.2446          157         5.2446          157           9.3860         16          25          45          
0.70  2            1.0000      5.2456          157         5.2456          157           9.3844         16          25          45          
0.70  2            1.0000      5.2458          157         5.2458          157           9.3829         16          25          45          
0.70  2            1.0000      5.2439          157         5.2439          157           9.3823         16          25          45          
0.70  2            1.0000      5.2442          157         5.2442          157           9.3822         16          25          45          
0.70  2            1.0000      5.2481          157         5.2481          157           9.3849         16          25          45          
0.70  2            1.0000      5.2510          157         5.2510          157           9.3844         16          25          45          
0.70  2            1.0000      5.2511          157         5.2511          157           9.3853         16          25          45          
0.70  2            1.0000      5.2513          157         5.2513          157           9.3856         16          25          45          
0.70  2            1.0000      5.2511          157         5.2511          157           9.3877         16          25          45          
0.70  2            1.0000      5.2504          165         5.2504          165           9.3878         16          25          45          
0.70  2            1.0000      5.2493          166         5.2493          166           9.3860         16          25          45          
0.70  2            1.0000      5.2480          166         5.2480          166           9.3836         16          25          45          
0.70  2            1.0000      5.2479          166         5.2479          166           9.3855         16          25          45          
0.70  2            1.0000      5.2486          166         5.2486          166           9.3892         16          25          45          
0.70  2            1.0000      5.2478          166         5.2478          166           9.3874         16          25          45          
0.70  2            1.0000      5.2495          166         5.2495          166           9.3879         16          25          45          
0.70  2            1.0000      5.2497          166         5.2497          166           9.3873         16          25          45          
0.70  2            1.0000      5.2491          166         5.2491          166           9.3856         16          25          45          
0.70  2            1.0000      5.2491          166         5.2491          166           9.3841         16          25          45          
       Value   Percentile   TotalCount 1/(1-Percentile)

       1.000     0.000000      2518217         1.00
       1.000     0.100000      2518217         1.11
       1.000     0.200000      2518217         1.25
       1.000     0.300000      2518217         1.43
       2.000     0.400000      3583312         1.67
       3.000     0.500000      4263669         2.00
       3.000     0.550000      4263669         2.22
       4.000     0.600000      4739189         2.50
       4.000     0.650000      4739189         2.86
       5.000     0.700000      5081256         3.33
       7.000     0.750000      5534301         4.00
       8.000     0.775000      5693764         4.44
       9.000     0.800000      5828004         5.00
      10.000     0.825000      5943772         5.71
      12.000     0.850000      6136487         6.67
      14.000     0.875000      6294468         8.00
      15.000     0.887500      6363027         8.89
      17.000     0.900000      6484141        10.00
      19.000     0.912500      6586828        11.43
      20.000     0.925000      6631588        13.33
      23.000     0.937500      6746256        16.00
      24.000     0.943750      6778897        17.78
      26.000     0.950000      6836267        20.00
      27.000     0.956250      6861491        22.86
      29.000     0.962500      6906693        26.67
      31.000     0.968750      6944926        32.00
      33.000     0.971875      6977593        35.56
      34.000     0.975000      6991963        40.00
      36.000     0.978125      7017347        45.71
      38.000     0.981250      7039476        53.33
      40.000     0.984375      7058061        64.00
      42.000     0.985938      7074074        71.11
      43.000     0.987500      7081211        80.00
      45.000     0.989062      7093928        91.43
      47.000     0.990625      7104723       106.67
      49.000     0.992188      7113961       128.00
      50.000     0.992969      7118022       142.22
      52.000     0.993750      7125299       160.00
      54.000     0.994531      7131416       182.86
      56.000     0.995313      7136671       213.33
      58.000     0.996094      7141276       256.00
      59.000     0.996484      7143313       284.44
      61.000     0.996875      7146859       320.00
      63.000     0.997266      7149998       365.71
      65.000     0.997656      7152716       426.67
      67.000     0.998047      7154959       512.00
      68.000     0.998242      7155987       568.89
      70.000     0.998437      7157796       640.00
      71.000     0.998633      7158573       731.43
      73.000     0.998828      7160022       853.33
      76.000     0.999023      7161896      1024.00
      77.000     0.999121      7162408      1137.78
      78.000     0.999219      7162891      1280.00
      80.000     0.999316      7163680      1462.86
      82.000     0.999414      7164363      1706.67
      84.000     0.999512      7164947      2048.00
      85.000     0.999561      7165230      2275.56
      87.000     0.999609      7165698      2560.00
      89.000     0.999658      7166077      2925.71
      90.000     0.999707      7166243      3413.33
      93.000     0.999756      7166695      4096.00
      94.000     0.999780      7166818      4551.11
      95.000     0.999805      7166939      5120.00
      97.000     0.999829      7167173      5851.43
      99.000     0.999854      7167334      6826.67
     101.000     0.999878      7167501      8192.00
     102.000     0.999890      7167584      9102.22
     104.000     0.999902      7167687     10240.00
     105.000     0.999915      7167728     11702.86
     107.000     0.999927      7167825     13653.33
     109.000     0.999939      7167906     16384.00
     110.000     0.999945      7167939     18204.44
     112.000     0.999951      7167995     20480.00
     114.000     0.999957      7168043     23405.71
     116.000     0.999963      7168080     27306.67
     118.000     0.999969      7168117     32768.00
     119.000     0.999973      7168136     36408.89
     121.000     0.999976      7168166     40960.00
     123.000     0.999979      7168186     46811.43
     125.000     0.999982      7168209     54613.33
     127.000     0.999985      7168222     65536.00
     128.000     0.999986      7168235     72817.78
     129.000     0.999988      7168244     81920.00
     131.000     0.999989      7168260     93622.86
     133.000     0.999991      7168268    109226.67
     135.000     0.999992      7168278    131072.00
     136.000     0.999993      7168283    145635.56
     137.000     0.999994      7168289    163840.00
     139.000     0.999995      7168295    187245.71
     141.000     0.999995      7168304    218453.33
     141.000     0.999996      7168304    262144.00
     142.000     0.999997      7168307    291271.11
     143.000     0.999997      7168310    327680.00
     145.000     0.999997      7168312    374491.43
     146.000     0.999998      7168315    436906.67
     148.000     0.999998      7168318    524288.00
     150.000     0.999998      7168321    582542.22
     150.000     0.999998      7168321    655360.00
     151.000     0.999999      7168323    748982.86
     151.000     0.999999      7168323    873813.33
     154.000     0.999999      7168325   1048576.00
     154.000     0.999999      7168325   1165084.44
     155.000     0.999999      7168326   1310720.00
     157.000     0.999999      7168327   1497965.71
     157.000     0.999999      7168327   1747626.67
     158.000     1.000000      7168328   2097152.00
     158.000     1.000000      7168328   2330168.89
     161.000     1.000000      7168329   2621440.00
     161.000     1.000000      7168329   2995931.43
     161.000     1.000000      7168329   3495253.33
     166.000     1.000000      7168330   4194304.00
     166.000     1.000000      7168330   4660337.78
     166.000     1.000000      7168330   5242880.00
     166.000     1.000000      7168330   5991862.86
     166.000     1.000000      7168330   6990506.67
     167.000     1.000000      7168331   8388608.00
     167.000     1.000000      7168331          inf
#[Mean    =        6.249, StdDeviation   =        9.384]
#[Max     =      167.000, Total count    =      7168331]
#[Buckets =           22, SubBuckets     =         2048]
reset:: start ...
reset:: A ...
reset:: Q ...
reset:: B ...
reset:: S ...
reset:: instruments ...
reset histogram ...
{
    "abls": [],
    "frame_number": 1280000,
    "injection_name": "Bernoulli",
    "injection_option": 0,
    "loads": [
        0.7
    ],
    "logging_file": "../logging/default_logging.txt",
    "model_name": "",
    "model_option": 3,
    "name": "Simulator",
    "port_number": 8,
    "type": 0
}
{
    "VOQs": [
        [
            0,
            0,
            0,
            0,
            0,
            0,
            0,
            0
        ],
        [
            0,
            0,
            0,
            0,
            0,
            0,
            0,
            0
        ],
        [
            0,
            0,
            0,
            0,
            0,
            0,
            0,
            0
        ],
        [
            0,
            0,
            0,
            0,
            0,
            0,
            0,
            0
        ],
        [
            0,
            0,
            0,
            0,
            0,
            0,
            0,
            0
        ],
        [
            0,
            0,
            0,
            0,
            0,
            0,
            0,
            0
        ],
        [
            0,
            0,
            0,
            0,
            0,
            0,
            0,
            0
        ],
        [
            0,
            0,
            0,
            0,
            0,
            0,
            0,
            0
        ]
    ],
    "arrivals": [
        -1,
        -1,
        -1,
        -1,
        -1,
        -1,
        -1,
        -1
    ],
    "current_time": 1279999,
    "schedule": [
        0,
        1,
        2,
        3,
        4,
        5,
        6,
        7
    ]
}
{
    "arrivals": 0.0,
    "delay_counter": 0.0,
    "departures": 0.0,
    "max_delay": 0,
    "mean_delay": 0.0,
    "sum_delay": 0.0
}
       Value   Percentile   TotalCount 1/(1-Percentile)

       0.000     1.000000            0          inf
#[Mean    =         -nan, StdDeviation   =         -nan]
#[Max     =        0.000, Total count    =            0]
#[Buckets =           22, SubBuckets     =         2048]
#Load Traffic-Mode Throughput  Mean-Delay      Max-Delay   Mean-Delay-HDR  Max-Delay-HDR Delay-STD-HDR  P90-Delay   P95-Delay   P99-Delay   
0.70  3            1.0000      1.5782          69          1.5782          69            3.4118         4           8           17          
0.70  3            1.0000      1.5772          69          1.5772          69            3.3890         4           8           17          
0.70  3            1.0000      1.5768          70          1.5768          70            3.3854         4           8           17          
0.70  3            1.0000      1.5754          70          1.5754          70            3.3884         4           8           17          
0.70  3            1.0000      1.5725          71          1.5725          71            3.3921         4           8           17          
0.70  3            1.0000      1.5759          71          1.5759          71            3.3983         4           8           17          
0.70  3            1.0000      1.5714          75          1.5714          75            3.3884         4           8           17          
0.70  3            1.0000      1.5686          75          1.5686          75            3.3784         4           8           17          
0.70  3            1.0000      1.5701          75          1.5701          75            3.3838         4           8           17          
0.70  3            1.0000      1.5701          75          1.5701          75            3.3820         4           8           17          
0.70  3            1.0000      1.5709          75          1.5709          75            3.3832         4           8           17          
0.70  3            1.0000      1.5728          75          1.5728          75            3.3868         4           8           17          
0.70  3            1.0000      1.5725          75          1.5725          75            3.3864         4           8           17          
0.70  3            1.0000      1.5727          75          1.5727          75            3.3844         4           8           17          
0.70  3            1.0000      1.5714          75          1.5714          75            3.3820         4           8           17          
0.70  3            1.0000      1.5701          75          1.5701          75            3.3778         4           8           17          
0.70  3            1.0000      1.5722          75          1.5722          75            3.3801         4           8           17          
0.70  3            1.0000      1.5736          75          1.5736          75            3.3806         4           8           17          
0.70  3            1.0000      1.5728          75          1.5728          75            3.3795         4           8           17          
0.70  3            1.0000      1.5724          75          1.5724          75            3.3771         4           8           17          
0.70  3            1.0000      1.5715          75          1.5715          75            3.3749         4           8           17          
0.70  3            1.0000      1.5698          75          1.5698          75            3.3714         4           8           17          
0.70  3            1.0000      1.5702          75          1.5702          75            3.3718         4           8           17          
0.70  3            1.0000      1.5706          75          1.5706          75            3.3716         4           8           17          
0.70  3            1.0000      1.5722          75          1.5722          75            3.3750         4           8           17          
0.70  3            1.0000      1.5711          77          1.5711          77            3.3726         4           8           17          
0.70  3            1.0000      1.5714          77          1.5714          77            3.3729         4           8           17          
0.70  3            1.0000      1.5713          77          1.5713          77            3.3756         4           8           17          
0.70  3            1.0000      1.5711          77          1.5711          77            3.3742         4           8           17          
0.70  3            1.0000      1.5709          77          1.5709          77            3.3737         4           8           17          
0.70  3            1.0000      1.5712          77          1.5712          77            3.3727         4           8           17          
0.70  3            1.0000      1.5717          77          1.5717          77            3.3733         4           8           17          
       Value   Percentile   TotalCount 1/(1-Percentile)

       1.000     0.000000      3773416         1.00
       1.000     0.100000      3773416         1.11
       1.000     0.200000      3773416         1.25
       1.000     0.300000      3773416         1.43
       1.000     0.400000      3773416         1.67
       1.000     0.500000      3773416         2.00
       2.000     0.550000      5285567         2.22
       2.000     0.600000      5285567         2.50
       2.000     0.650000      5285567         2.86
       2.000     0.700000      5285567         3.33
       3.000     0.750000      5995457         4.00
       3.000     0.775000      5995457         4.44
       3.000     0.800000      5995457         5.00
       3.000     0.825000      5995457         5.71
       4.000     0.850000      6337445         6.67
       4.000     0.875000      6337445         8.00
       5.000     0.887500      6523583         8.89
       5.000     0.900000      6523583        10.00
       6.000     0.912500      6641872        11.43
       6.000     0.925000      6641872        13.33
       7.000     0.937500      6728915        16.00
       8.000     0.943750      6798606        17.78
       9.000     0.950000      6855972        20.00
       9.000     0.956250      6855972        22.86
      10.000     0.962500      6904627        26.67
      11.000     0.968750      6945754        32.00
      12.000     0.971875      6980393        35.56
      13.000     0.975000      7009681        40.00
      14.000     0.978125      7034458        45.71
      14.000     0.981250      7034458        53.33
      16.000     0.984375      7072905        64.00
      16.000     0.985938      7072905        71.11
      17.000     0.987500      7087886        80.00
      18.000     0.989062      7100435        91.43
      19.000     0.990625      7111066       106.67
      20.000     0.992188      7119969       128.00
      20.000     0.992969      7119969       142.22
      21.000     0.993750      7127491       160.00
      22.000     0.994531      7133992       182.86
      23.000     0.995313      7139476       213.33
      24.000     0.996094      7144027       256.00
      24.000     0.996484      7144027       284.44
      25.000     0.996875      7147813       320.00
      26.000     0.997266      7151077       365.71
      27.000     0.997656      7153702       426.67
      28.000     0.998047      7156017       512.00
      28.000     0.998242      7156017       568.89
      29.000     0.998437      7158044       640.00
      30.000     0.998633      7159645       731.43
      31.000     0.998828      7161057       853.33
      32.000     0.999023      7162172      1024.00
      32.000     0.999121      7162172      1137.78
      33.000     0.999219      7163205      1280.00
      34.000     0.999316      7164032      1462.86
      35.000     0.999414      7164723      1706.67
      36.000     0.999512      7165312      2048.00
      36.000     0.999561      7165312      2275.56
      37.000     0.999609      7165826      2560.00
      38.000     0.999658      7166219      2925.71
      39.000     0.999707      7166577      3413.33
      40.000     0.999756      7166869      4096.00
      41.000     0.999780      7167102      4551.11
      41.000     0.999805      7167102      5120.00
      42.000     0.999829      7167308      5851.43
      43.000     0.999854      7167477      6826.67
      44.000     0.999878      7167616      8192.00
      45.000     0.999890      7167751      9102.22
      46.000     0.999902      7167869     10240.00
      46.000     0.999915      7167869     11702.86
      47.000     0.999927      7167947     13653.33
      48.000     0.999939      7168029     16384.00
      49.000     0.999945      7168100     18204.44
      50.000     0.999951      7168158     20480.00
      50.000     0.999957      7168158     23405.71
      51.000     0.999963      7168201     27306.67
      52.000     0.999969      7168243     32768.00
      53.000     0.999973      7168277     36408.89
      54.000     0.999976      7168299     40960.00
      55.000     0.999979      7168328     46811.43
      55.000     0.999982      7168328     54613.33
      56.000     0.999985      7168353     65536.00
      57.000     0.999986      7168369     72817.78
      57.000     0.999988      7168369     81920.00
      58.000     0.999989      7168385     93622.86
      59.000     0.999991      7168396    109226.67
      60.000     0.999992      7168406    131072.00
      60.000     0.999993      7168406    145635.56
      61.000     0.999994      7168411    163840.00
      62.000     0.999995      7168420    187245.71
      63.000     0.999995      7168424    218453.33
      65.000     0.999996      7168427    262144.00
      66.000     0.999997      7168434    291271.11
      66.000     0.999997      7168434    327680.00
      67.000     0.999997      7168436    374491.43
      68.000     0.999998      7168439    436906.67
      69.000     0.999998      7168442    524288.00
      69.000     0.999998      7168442    582542.22
      70.000     0.999998      7168445    655360.00
      70.000     0.999999      7168445    748982.86
      71.000     0.999999      7168447    873813.33
      72.000     0.999999      7168448   1048576.00
      72.000     0.999999      7168448   1165084.44
      73.000     0.999999      7168449   1310720.00
      74.000     0.999999      7168451   1497965.71
      74.000     0.999999      7168451   1747626.67
      74.000     1.000000      7168451   2097152.00
      74.000     1.000000      7168451   2330168.89
      75.000     1.000000      7168452   2621440.00
      75.000     1.000000      7168452   2995931.43
      75.000     1.000000      7168452   3495253.33
      76.000     1.000000      7168453   4194304.00
      76.000     1.000000      7168453   4660337.78
      76.000     1.000000      7168453   5242880.00
      76.000     1.000000      7168453   5991862.86
      76.000     1.000000      7168453   6990506.67
      78.000     1.000000      7168454   8388608.00
      78.000     1.000000      7168454          inf
#[Mean    =        2.572, StdDeviation   =        3.373]
#[Max     =       78.000, Total count    =      7168454]
#[Buckets =           22, SubBuckets     =         2048]
reset:: start ...
reset:: A ...
reset:: Q ...
reset:: B ...
reset:: S ...
reset:: instruments ...
reset histogram ...
