
Get seed: 2786580429
{
    "E_Frequency": 100,
    "Ouroboros_filename": "../data/Ouroboros/n=8.txt",
    "Ouroboros_stats_filename": "../results/Simulator-8-1920000-2786580429.dat",
    "Queue_bound": 10000,
    "average_burst_length": -1,
    "average_burst_length_array": [],
    "frame_number": 1920000,
    "injection_name": "Bernoulli",
    "injection_option": 0,
    "load": 0.6,
    "load_array": [
        0.6
    ],
    "model_name": "",
    "model_option": 0,
    "name": "Simulator",
    "port_number": 8,
    "probability_off": -1,
    "probability_on": -1,
    "seed_for_traffic_generator": 2786580429,
    "type": 0,
    "verbosity_level": 1
}
{
    "arrivals": [
        -1,
        -1,
        -1,
        -1,
        -1,
        -1,
        -1,
        -1
    ],
    "current-timeslot": 0,
    "queue-lengths": [
        [
            0,
            0,
            0,
            0,
            0,
            0,
            0,
            0
        ],
        [
            0,
            0,
            0,
            0,
            0,
            0,
            0,
            0
        ],
        [
            0,
            0,
            0,
            0,
            0,
            0,
            0,
            0
        ],
        [
            0,
            0,
            0,
            0,
            0,
            0,
            0,
            0
        ],
        [
            0,
            0,
            0,
            0,
            0,
            0,
            0,
            0
        ],
        [
            0,
            0,
            0,
            0,
            0,
            0,
            0,
            0
        ],
        [
            0,
            0,
            0,
            0,
            0,
            0,
            0,
            0
        ],
        [
            0,
            0,
            0,
            0,
            0,
            0,
            0,
            0
        ]
    ],
    "schedule": [
        0,
        1,
        2,
        3,
        4,
        5,
        6,
        7
    ]
}
0               -1              0           -1          -1          -1          0             0             0             0             0             0             0             0             0             0             0             0             0             0             0             
#Load Traffic-Mode Throughput      Mean-Delay      Max-Delay   P90-Delay   P95-Delay   P99-Delay   cycles        cycles-ourob  cycles-wrong  cycles-bc     cyc-weights   ocyc-weights  wcyc-weights  CS-1          CS-2          CS-3          CS-4          CS-5          CS-6          CS-7          CS-8          
0.600 0            0.999906        6.30081         146         19          28          50          169430        169430        0             0             419392        419392        0             69204         29018         19614         14910         12020         9913          8164          6587          
0.600 0            0.999951        6.26092         184         19          28          49          338408        338408        0             0             837043        837043        0             138200        57523         39474         29812         23886         19694         16654         13165         
0.600 0            0.999957        6.22892         184         19          28          49          507557        507557        0             0             1253288       1253288       0             207324        86118         59355         44698         35713         29589         25020         19740         
0.600 0            0.999981        6.23518         192         19          28          49          676489        676489        0             0             1671825       1671825       0             276286        114922        78863         59559         47619         39379         33420         26441         
0.600 0            0.999971        6.23924         192         19          28          49          845929        845929        0             0             2090254       2090254       0             345601        143670        98603         74557         59418         49210         41920         32950         
0.600 0            0.999981        6.24039         192         19          28          49          1014984       1014984       0             0             2510221       2510221       0             414379        172638        118346        89377         71423         59063         50246         39512         
0.600 0            0.999985        6.23802         211         19          28          49          1184002       1184002       0             0             2928760       2928760       0             483243        201287        138242        104319        83463         68865         58556         46027         
0.600 0            0.99999         6.23809         211         19          28          49          1352604       1352604       0             0             3346976       3346976       0             551736        230064        157921        119120        95417         78708         66880         52758         
0.600 0            0.999991        6.23841         211         19          28          49          1521253       1521253       0             0             3765808       3765808       0             620327        258814        177620        133952        107253        88625         75278         59384         
0.600 0            0.999992        6.24164         211         19          28          49          1690307       1690307       0             0             4184240       4184240       0             689242        287547        197324        148921        119123        98521         83765         65864         
0.600 0            0.999989        6.24208         211         19          28          49          1859283       1859283       0             0             4603329       4603329       0             758101        316266        217184        163758        131103        108283        92166         72422         
0.600 0            0.99999         6.24216         211         19          28          49          2028393       2028393       0             0             5021473       5021473       0             827146        345023        236876        178785        142803        118242        100571        78947         
0.600 0            0.999992        6.24305         211         19          28          49          2197592       2197592       0             0             5440722       5440722       0             896140        373965        256574        193773        154694        127965        108896        85585         
0.600 0            0.999995        6.24304         211         19          28          49          2366611       2366611       0             0             5859999       5859999       0             965390        402565        276168        208543        166491        137882        117407        92165         
0.600 0            0.99999         6.24154         211         19          28          49          2536045       2536045       0             0             6278621       6278621       0             1034663       431514        295815        223286        178418        147794        125766        98789         
0.600 0            0.999994        6.24208         211         19          28          49          2705121       2705121       0             0             6697199       6697199       0             1103778       460171        315562        238170        190182        157661        134146        105451        
0.600 0            0.999993        6.23817         211         19          28          49          2874319       2874319       0             0             7114364       7114364       0             1172861       488983        335207        253109        202032        167687        142526        111914        
0.600 0            0.999994        6.2413          211         19          28          49          3043372       3043372       0             0             7533905       7533905       0             1241774       517853        354885        267949        213970        177455        150895        118591        
0.600 0            0.999995        6.24385         211         19          28          49          3212755       3212755       0             0             7953420       7953420       0             1311098       546693        374689        282746        225855        187179        159220        125275        
0.600 0            0.999993        6.24368         211         19          28          49          3381818       3381818       0             0             8372457       8372457       0             1380294       575256        394206        297764        237752        197067        167490        131989        
0.600 0            0.999994        6.24492         211         19          28          49          3550952       3550952       0             0             8790991       8790991       0             1449263       604133        413957        312564        249592        206992        175880        138571        
0.600 0            0.999996        6.2448          211         19          28          49          3720148       3720148       0             0             9209109       9209109       0             1518182       633016        433771        327430        261566        216809        184323        145051        
0.600 0            0.999995        6.24273         211         19          28          49          3889325       3889325       0             0             9626419       9626419       0             1587250       661885        453372        342286        273408        226936        192640        151548        
0.600 0            0.999995        6.23835         211         19          28          49          4058143       4058143       0             0             10041544      10041544      0             1656095       690404        473196        357015        285483        236743        201096        158111        
0.600 0            0.999996        6.23581         211         19          28          49          4227120       4227120       0             0             10458305      10458305      0             1725088       719045        493007        371861        297330        246413        209683        164693        
0.600 0            0.999996        6.23488         211         19          28          49          4395600       4395600       0             0             10876700      10876700      0             1793489       747886        512675        386661        309124        256277        218036        171452        
0.600 0            0.999997        6.23599         211         19          28          49          4565026       4565026       0             0             11296683      11296683      0             1862577       776754        532596        401567        321183        266084        226400        177865        
0.600 0            0.999996        6.2362          211         19          28          49          4733998       4733998       0             0             11715494      11715494      0             1931414       805821        552051        416398        333027        275955        234826        184506        
0.600 0            0.999997        6.23652         211         19          28          49          4902377       4902377       0             0             12135748      12135748      0             1999716       834496        571670        431250        345088        285748        243230        191179        
0.600 0            0.999997        6.23571         211         19          28          49          5071932       5071932       0             0             12552975      12552975      0             2068795       863566        591471        446331        357080        295589        251502        197598        
0.600 0            0.999997        6.23587         211         19          28          49          5240972       5240972       0             0             12972033      12972033      0             2137828       892318        611122        461215        368770        305584        259884        204251        
0.600 0            0.999996        6.23611         211         19          28          49          5410134       5410134       0             0             13390358      13390358      0             2206950       921284        630613        476015        380715        315404        268280        210873        
       Value   Percentile   TotalCount 1/(1-Percentile)

       1.000     0.000000      3573292         1.00
       1.000     0.100000      3573292         1.11
       1.000     0.200000      3573292         1.25
       1.000     0.300000      3573292         1.43
       2.000     0.400000      4657926         1.67
       2.000     0.500000      4657926         2.00
       3.000     0.550000      5168772         2.22
       4.000     0.600000      5571460         2.50
       6.000     0.650000      6239582         2.86
       7.000     0.700000      6517368         3.33
       9.000     0.750000      6985804         4.00
      10.000     0.775000      7183144         4.44
      12.000     0.800000      7518615         5.00
      13.000     0.825000      7661761         5.71
      15.000     0.850000      7907522         6.67
      17.000     0.875000      8110230         8.00
      18.000     0.887500      8198109         8.89
      20.000     0.900000      8351258        10.00
      21.000     0.912500      8418099        11.43
      23.000     0.925000      8535380        13.33
      26.000     0.937500      8677745        16.00
      27.000     0.943750      8717896        17.78
      29.000     0.950000      8788835        20.00
      30.000     0.956250      8819759        22.86
      32.000     0.962500      8875417        26.67
      35.000     0.968750      8943870        32.00
      36.000     0.971875      8963317        35.56
      38.000     0.975000      8997788        40.00
      40.000     0.978125      9027766        45.71
      42.000     0.981250      9053662        53.33
      44.000     0.984375      9075828        64.00
      46.000     0.985938      9094918        71.11
      47.000     0.987500      9103455        80.00
      49.000     0.989062      9118813        91.43
      51.000     0.990625      9131907       106.67
      54.000     0.992188      9148481       128.00
      55.000     0.992969      9153355       142.22
      57.000     0.993750      9161895       160.00
      59.000     0.994531      9169052       182.86
      61.000     0.995313      9175383       213.33
      63.000     0.996094      9180829       256.00
      65.000     0.996484      9185507       284.44
      66.000     0.996875      9187670       320.00
      68.000     0.997266      9191485       365.71
      70.000     0.997656      9194690       426.67
      73.000     0.998047      9198907       512.00
      74.000     0.998242      9200136       568.89
      76.000     0.998437      9202265       640.00
      78.000     0.998633      9204084       731.43
      80.000     0.998828      9205633       853.33
      83.000     0.999023      9207636      1024.00
      84.000     0.999121      9208187      1137.78
      86.000     0.999219      9209303      1280.00
      88.000     0.999316      9210199      1462.86
      90.000     0.999414      9210952      1706.67
      92.000     0.999512      9211687      2048.00
      94.000     0.999561      9212272      2275.56
      95.000     0.999609      9212545      2560.00
      97.000     0.999658      9213023      2925.71
      99.000     0.999707      9213444      3413.33
     102.000     0.999756      9213960      4096.00
     103.000     0.999780      9214110      4551.11
     105.000     0.999805      9214358      5120.00
     107.000     0.999829      9214591      5851.43
     109.000     0.999854      9214786      6826.67
     112.000     0.999878      9215050      8192.00
     113.000     0.999890      9215119      9102.22
     115.000     0.999902      9215248     10240.00
     117.000     0.999915      9215370     11702.86
     119.000     0.999927      9215460     13653.33
     122.000     0.999939      9215591     16384.00
     123.000     0.999945      9215635     18204.44
     124.000     0.999951      9215668     20480.00
     126.000     0.999957      9215734     23405.71
     128.000     0.999963      9215788     27306.67
     130.000     0.999969      9215836     32768.00
     132.000     0.999973      9215869     36408.89
     134.000     0.999976      9215900     40960.00
     136.000     0.999979      9215931     46811.43
     138.000     0.999982      9215966     54613.33
     139.000     0.999985      9215980     65536.00
     141.000     0.999986      9216001     72817.78
     142.000     0.999988      9216013     81920.00
     143.000     0.999989      9216025     93622.86
     145.000     0.999991      9216035    109226.67
     148.000     0.999992      9216051    131072.00
     149.000     0.999993      9216057    145635.56
     150.000     0.999994      9216064    163840.00
     154.000     0.999995      9216073    187245.71
     155.000     0.999995      9216076    218453.33
     157.000     0.999996      9216084    262144.00
     158.000     0.999997      9216087    291271.11
     159.000     0.999997      9216089    327680.00
     162.000     0.999997      9216093    374491.43
     164.000     0.999998      9216096    436906.67
     165.000     0.999998      9216100    524288.00
     167.000     0.999998      9216102    582542.22
     169.000     0.999998      9216105    655360.00
     169.000     0.999999      9216105    748982.86
     174.000     0.999999      9216108    873813.33
     176.000     0.999999      9216109   1048576.00
     180.000     0.999999      9216110   1165084.44
     180.000     0.999999      9216110   1310720.00
     181.000     0.999999      9216111   1497965.71
     183.000     0.999999      9216112   1747626.67
     185.000     1.000000      9216114   2097152.00
     185.000     1.000000      9216114   2330168.89
     185.000     1.000000      9216114   2621440.00
     185.000     1.000000      9216114   2995931.43
     191.000     1.000000      9216115   3495253.33
     191.000     1.000000      9216115   4194304.00
     193.000     1.000000      9216116   4660337.78
     193.000     1.000000      9216116   5242880.00
     193.000     1.000000      9216116   5991862.86
     193.000     1.000000      9216116   6990506.67
     193.000     1.000000      9216116   8388608.00
     212.000     1.000000      9216117   9320675.55
     212.000     1.000000      9216117          inf
#[Mean    =        7.236, StdDeviation   =       10.531]
#[Max     =      212.000, Total count    =      9216117]
#[Buckets =           22, SubBuckets     =         2048]
{
    "E_Frequency": 100,
    "Ouroboros_filename": "../data/Ouroboros/n=8.txt",
    "Ouroboros_stats_filename": "../results/Simulator-8-1920000-2786580429.dat",
    "Queue_bound": 10000,
    "average_burst_length": -1,
    "average_burst_length_array": [],
    "frame_number": 1920000,
    "injection_name": "Bernoulli",
    "injection_option": 0,
    "load": 0.6,
    "load_array": [
        0.6
    ],
    "model_name": "",
    "model_option": 1,
    "name": "Simulator",
    "port_number": 8,
    "probability_off": -1,
    "probability_on": -1,
    "seed_for_traffic_generator": 2786580429,
    "type": 0,
    "verbosity_level": 1
}
{
    "arrivals": [
        -1,
        -1,
        -1,
        -1,
        -1,
        -1,
        -1,
        -1
    ],
    "current-timeslot": 0,
    "queue-lengths": [
        [
            0,
            0,
            0,
            0,
            0,
            0,
            0,
            0
        ],
        [
            0,
            0,
            0,
            0,
            0,
            0,
            0,
            0
        ],
        [
            0,
            0,
            0,
            0,
            0,
            0,
            0,
            0
        ],
        [
            0,
            0,
            0,
            0,
            0,
            0,
            0,
            0
        ],
        [
            0,
            0,
            0,
            0,
            0,
            0,
            0,
            0
        ],
        [
            0,
            0,
            0,
            0,
            0,
            0,
            0,
            0
        ],
        [
            0,
            0,
            0,
            0,
            0,
            0,
            0,
            0
        ],
        [
            0,
            0,
            0,
            0,
            0,
            0,
            0,
            0
        ]
    ],
    "schedule": [
        0,
        1,
        2,
        3,
        4,
        5,
        6,
        7
    ]
}
0               -1              0           -1          -1          -1          0             0             0             0             0             0             0             0             0             0             0             0             0             0             0             
#Load Traffic-Mode Throughput      Mean-Delay      Max-Delay   P90-Delay   P95-Delay   P99-Delay   cycles        cycles-ourob  cycles-wrong  cycles-bc     cyc-weights   ocyc-weights  wcyc-weights  CS-1          CS-2          CS-3          CS-4          CS-5          CS-6          CS-7          CS-8          
0.600 1            0.999941        3.32282         159         9           17          38          226371        226371        0             0             403432        403432        0             135329        31506         17694         13361         11270         9147          5699          2365          
0.600 1            0.999986        3.30183         159         9           17          38          452518        452518        0             0             806635        806635        0             270667        62581         35441         26610         22613         18404         11489         4713          
0.600 1            0.999985        3.29502         159         9           17          37          678767        678767        0             0             1210538       1210538       0             405910        94065         52975         39920         33922         27579         17321         7075          
0.600 1            0.999984        3.29382         159         9           17          37          905191        905191        0             0             1613433       1613433       0             541675        125366        70235         53258         45253         36766         23213         9425          
0.600 1            0.999989        3.29353         187         9           17          37          1131016       1131016       0             0             2015018       2015018       0             676568        156748        87548         66788         56634         45886         29042         11802         
0.600 1            0.999988        3.29265         187         9           17          37          1358157       1358157       0             0             2417075       2417075       0             812770        188108        105249        80102         68161         55001         34704         14062         
0.600 1            0.999996        3.29445         187         9           17          38          1585131       1585131       0             0             2819573       2819573       0             948854        219208        123094        93789         79488         63882         40432         16384         
0.600 1            0.999988        3.29177         187         9           17          38          1812200       1812200       0             0             3221908       3221908       0             1084925       250675        140766        107168        90840         72961         46227         18638         
0.600 1            0.999993        3.28712         187         9           17          37          2038511       2038511       0             0             3623311       3623311       0             1220099       282116        158492        120495        102235        82189         51984         20901         
0.600 1            0.999996        3.28889         212         9           17          37          2264362       2264362       0             0             4026814       4026814       0             1355051       313469        176095        133788        113581        91211         57813         23354         
0.600 1            0.999996        3.29095         212         9           17          38          2491033       2491033       0             0             4429525       4429525       0             1490931       344735        193813        147051        124940        100234        63620         25709         
0.600 1            0.999995        3.28711         212         9           17          37          2717601       2717601       0             0             4830464       4830464       0             1626276       376392        211488        160612        136082        109283        69400         28068         
0.600 1            0.999995        3.28923         212         9           17          38          2943787       2943787       0             0             5233943       5233943       0             1761854       407352        229014        173943        147440        118557        75274         30353         
0.600 1            0.999997        3.28948         212         9           17          37          3169562       3169562       0             0             5638350       5638350       0             1896798       438625        246474        187285        158900        127580        81094         32806         
0.600 1            0.999997        3.29129         212         9           17          37          3396670       3396670       0             0             6041433       6041433       0             2033085       470075        263969        200618        170318        136671        86814         35120         
0.600 1            0.999996        3.2895          212         9           17          37          3623702       3623702       0             0             6443467       6443467       0             2168786       501887        281844        213818        181711        145688        92479         37489         
0.600 1            0.999998        3.29014         212         9           17          37          3849996       3849996       0             0             6846205       6846205       0             2304258       533162        299342        227184        192976        154901        98286         39887         
0.600 1            0.999997        3.28894         212         9           17          37          4076291       4076291       0             0             7248560       7248560       0             2439563       564510        317028        240469        204342        164063        104103        42213         
0.600 1            0.999997        3.28725         212         9           17          37          4302930       4302930       0             0             7650824       7650824       0             2575629       595593        334527        253659        215771        173220        109991        44540         
0.600 1            0.999996        3.28729         212         9           17          37          4529600       4529600       0             0             8053459       8053459       0             2711424       626885        352246        266873        227120        182222        115884        46946         
0.600 1            0.999997        3.28807         212         9           17          37          4756245       4756245       0             0             8457252       8457252       0             2847220       658194        369893        280130        238347        191536        121670        49255         
0.600 1            0.999997        3.28854         212         9           17          37          4981970       4981970       0             0             8861372       8861372       0             2982076       689399        387376        293367        249827        200776        127477        51672         
0.600 1            0.999997        3.28829         212         9           17          37          5208316       5208316       0             0             9263737       9263737       0             3117832       720470        404901        306654        261216        210008        133267        53968         
0.600 1            0.999997        3.28742         212         9           17          37          5434985       5434985       0             0             9665262       9665262       0             3253879       751601        422502        319958        272555        219154        139142        56194         
0.600 1            0.999999        3.28679         212         9           17          37          5661653       5661653       0             0             10067019      10067019      0             3389777       782920        440039        333287        283946        228306        144872        58506         
0.600 1            0.999998        3.28847         212         9           17          37          5887071       5887071       0             0             10472626      10472626      0             3524137       814257        457607        346559        295396        237571        150698        60846         
0.600 1            0.999998        3.28841         212         9           17          37          6113182       6113182       0             0             10873409      10873409      0             3659392       845499        475360        359892        306649        246696        156443        63251         
0.600 1            0.999997        3.28797         212         9           17          37          6339594       6339594       0             0             11276292      11276292      0             3794736       877054        493065        373257        317905        255630        162340        65607         
0.600 1            0.999997        3.28927         212         9           17          37          6565970       6565970       0             0             11680812      11680812      0             3930262       908302        510705        386620        329270        264756        168131        67924         
0.600 1            0.999998        3.28796         224         9           17          37          6792699       6792699       0             0             12083176      12083176      0             4066215       939555        528206        399961        340701        273985        173778        70298         
0.600 1            0.999998        3.28801         224         9           17          37          7019641       7019641       0             0             12486566      12486566      0             4201745       971352        546279        413208        351908        282964        179586        72599         
0.600 1            0.999998        3.28769         224         9           17          37          7246691       7246691       0             0             12886901      12886901      0             4338023       1002684       563904        426504        363179        292047        185376        74974         
       Value   Percentile   TotalCount 1/(1-Percentile)

       1.000     0.000000      4313003         1.00
       1.000     0.100000      4313003         1.11
       1.000     0.200000      4313003         1.25
       1.000     0.300000      4313003         1.43
       1.000     0.400000      4313003         1.67
       2.000     0.500000      5941309         2.00
       2.000     0.550000      5941309         2.22
       2.000     0.600000      5941309         2.50
       3.000     0.650000      6692935         2.86
       3.000     0.700000      6692935         3.33
       4.000     0.750000      7176486         4.00
       4.000     0.775000      7176486         4.44
       5.000     0.800000      7518364         5.00
       6.000     0.825000      7766458         5.71
       7.000     0.850000      7955473         6.67
       8.000     0.875000      8105162         8.00
       9.000     0.887500      8225750         8.89
      10.000     0.900000      8326561        10.00
      11.000     0.912500      8413099        11.43
      13.000     0.925000      8552997        13.33
      15.000     0.937500      8662365        16.00
      16.000     0.943750      8708535        17.78
      18.000     0.950000      8787525        20.00
      19.000     0.956250      8821698        22.86
      21.000     0.962500      8881180        26.67
      23.000     0.968750      8930719        32.00
      25.000     0.971875      8972834        35.56
      26.000     0.975000      8991016        40.00
      28.000     0.978125      9023402        45.71
      30.000     0.981250      9050720        53.33
      32.000     0.984375      9074023        64.00
      34.000     0.985938      9093935        71.11
      35.000     0.987500      9102769        80.00
      37.000     0.989062      9118608        91.43
      39.000     0.990625      9132171       106.67
      42.000     0.992188      9148811       128.00
      43.000     0.992969      9153677       142.22
      45.000     0.993750      9162290       160.00
      47.000     0.994531      9169854       182.86
      49.000     0.995313      9176185       213.33
      51.000     0.996094      9181773       256.00
      53.000     0.996484      9186473       284.44
      55.000     0.996875      9190558       320.00
      57.000     0.997266      9194193       365.71
      59.000     0.997656      9197319       426.67
      61.000     0.998047      9199977       512.00
      63.000     0.998242      9202427       568.89
      64.000     0.998437      9203475       640.00
      66.000     0.998633      9205344       731.43
      68.000     0.998828      9206972       853.33
      71.000     0.999023      9208994      1024.00
      72.000     0.999121      9209622      1137.78
      74.000     0.999219      9210708      1280.00
      76.000     0.999316      9211579      1462.86
      78.000     0.999414      9212418      1706.67
      80.000     0.999512      9213135      2048.00
      82.000     0.999561      9213742      2275.56
      84.000     0.999609      9214223      2560.00
      86.000     0.999658      9214689      2925.71
      88.000     0.999707      9215110      3413.33
      90.000     0.999756      9215444      4096.00
      92.000     0.999780      9215769      4551.11
      93.000     0.999805      9215911      5120.00
      95.000     0.999829      9216144      5851.43
      97.000     0.999854      9216345      6826.67
     100.000     0.999878      9216601      8192.00
     101.000     0.999890      9216686      9102.22
     102.000     0.999902      9216749     10240.00
     104.000     0.999915      9216872     11702.86
     106.000     0.999927      9216964     13653.33
     109.000     0.999939      9217091     16384.00
     111.000     0.999945      9217160     18204.44
     113.000     0.999951      9217219     20480.00
     114.000     0.999957      9217253     23405.71
     117.000     0.999963      9217321     27306.67
     120.000     0.999969      9217366     32768.00
     121.000     0.999973      9217382     36408.89
     124.000     0.999976      9217425     40960.00
     126.000     0.999979      9217455     46811.43
     128.000     0.999982      9217474     54613.33
     131.000     0.999985      9217498     65536.00
     134.000     0.999986      9217517     72817.78
     136.000     0.999988      9217524     81920.00
     138.000     0.999989      9217537     93622.86
     141.000     0.999991      9217554    109226.67
     144.000     0.999992      9217567    131072.00
     145.000     0.999993      9217574    145635.56
     147.000     0.999994      9217584    163840.00
     150.000     0.999995      9217590    187245.71
     151.000     0.999995      9217594    218453.33
     153.000     0.999996      9217601    262144.00
     155.000     0.999997      9217606    291271.11
     156.000     0.999997      9217609    327680.00
     158.000     0.999997      9217611    374491.43
     160.000     0.999998      9217614    436906.67
     165.000     0.999998      9217618    524288.00
     171.000     0.999998      9217620    582542.22
     172.000     0.999998      9217622    655360.00
     175.000     0.999999      9217624    748982.86
     181.000     0.999999      9217626    873813.33
     182.000     0.999999      9217628   1048576.00
     182.000     0.999999      9217628   1165084.44
     182.000     0.999999      9217628   1310720.00
     183.000     0.999999      9217629   1497965.71
     187.000     0.999999      9217630   1747626.67
     188.000     1.000000      9217631   2097152.00
     191.000     1.000000      9217632   2330168.89
     191.000     1.000000      9217632   2621440.00
     191.000     1.000000      9217632   2995931.43
     192.000     1.000000      9217633   3495253.33
     192.000     1.000000      9217633   4194304.00
     213.000     1.000000      9217634   4660337.78
     213.000     1.000000      9217634   5242880.00
     213.000     1.000000      9217634   5991862.86
     213.000     1.000000      9217634   6990506.67
     213.000     1.000000      9217634   8388608.00
     225.000     1.000000      9217635   9320675.55
     225.000     1.000000      9217635          inf
#[Mean    =        4.288, StdDeviation   =        7.433]
#[Max     =      225.000, Total count    =      9217635]
#[Buckets =           22, SubBuckets     =         2048]
{
    "E_Frequency": 100,
    "Ouroboros_filename": "../data/Ouroboros/n=8.txt",
    "Ouroboros_stats_filename": "../results/Simulator-8-1920000-2786580429.dat",
    "Queue_bound": 10000,
    "average_burst_length": -1,
    "average_burst_length_array": [],
    "frame_number": 1920000,
    "injection_name": "Bernoulli",
    "injection_option": 0,
    "load": 0.6,
    "load_array": [
        0.6
    ],
    "model_name": "",
    "model_option": 2,
    "name": "Simulator",
    "port_number": 8,
    "probability_off": -1,
    "probability_on": -1,
    "seed_for_traffic_generator": 2786580429,
    "type": 0,
    "verbosity_level": 1
}
{
    "arrivals": [
        -1,
        -1,
        -1,
        -1,
        -1,
        -1,
        -1,
        -1
    ],
    "current-timeslot": 0,
    "queue-lengths": [
        [
            0,
            0,
            0,
            0,
            0,
            0,
            0,
            0
        ],
        [
            0,
            0,
            0,
            0,
            0,
            0,
            0,
            0
        ],
        [
            0,
            0,
            0,
            0,
            0,
            0,
            0,
            0
        ],
        [
            0,
            0,
            0,
            0,
            0,
            0,
            0,
            0
        ],
        [
            0,
            0,
            0,
            0,
            0,
            0,
            0,
            0
        ],
        [
            0,
            0,
            0,
            0,
            0,
            0,
            0,
            0
        ],
        [
            0,
            0,
            0,
            0,
            0,
            0,
            0,
            0
        ],
        [
            0,
            0,
            0,
            0,
            0,
            0,
            0,
            0
        ]
    ],
    "schedule": [
        0,
        1,
        2,
        3,
        4,
        5,
        6,
        7
    ]
}
0               -1              0           -1          -1          -1          0             0             0             0             0             0             0             0             0             0             0             0             0             0             0             
#Load Traffic-Mode Throughput      Mean-Delay      Max-Delay   P90-Delay   P95-Delay   P99-Delay   cycles        cycles-ourob  cycles-wrong  cycles-bc     cyc-weights   ocyc-weights  wcyc-weights  CS-1          CS-2          CS-3          CS-4          CS-5          CS-6          CS-7          CS-8          
0.600 2            0.999938        3.83656         153         12          20          41          221772        221772        0             0             395674        395674        0             130281        28825         19692         14627         11470         8456          5809          2612          
0.600 2            0.999958        3.83695         153         12          20          41          443138        443138        0             0             791054        791054        0             260197        57629         39277         29195         22845         17064         11643         5288          
0.600 2            0.999978        3.83773         180         12          20          41          664610        664610        0             0             1187404       1187404       0             390417        86305         58735         43718         34278         25793         17540         7824          
0.600 2            0.999985        3.84108         180         12          20          41          886287        886287        0             0             1583881       1583881       0             520990        114798        78461         58074         45545         34412         23550         10457         
0.600 2            0.999985        3.82592         180         12          20          41          1107391       1107391       0             0             1978110       1978110       0             651034        143260        97854         72548         56942         43046         29550         13157         
0.600 2            0.99999         3.82802         180         12          20          41          1328406       1328406       0             0             2373797       2373797       0             780514        172010        117661        87057         68372         51615         35383         15794         
0.600 2            0.99999         3.83497         180         12          20          41          1549919       1549919       0             0             2770103       2770103       0             910605        200762        137412        101481        79778         60216         41275         18390         
0.600 2            0.999992        3.83485         180         12          20          41          1770989       1770989       0             0             3165643       3165643       0             1040287       229502        156926        116063        91179         68880         47096         21056         
0.600 2            0.999995        3.83231         180         12          20          41          1992362       1992362       0             0             3560810       3560810       0             1170436       258121        176357        130597        102702        77604         52919         23626         
0.600 2            0.999995        3.83418         180         12          20          41          2213704       2213704       0             0             3959047       3959047       0             1300642       286638        195797        145249        114032        86172         58873         26301         
0.600 2            0.999996        3.8337          180         12          20          41          2435090       2435090       0             0             4355437       4355437       0             1430835       315295        215291        159864        125284        94732         64774         29015         
0.600 2            0.999996        3.83535         180         12          20          41          2655908       2655908       0             0             4751788       4751788       0             1560456       343877        234719        174369        136649        103311        70762         31765         
0.600 2            0.999995        3.83733         181         12          20          41          2877651       2877651       0             0             5148406       5148406       0             1690910       372608        254283        188800        148097        111921        76674         34358         
0.600 2            0.999995        3.83815         181         12          20          41          3098134       3098134       0             0             5545242       5545242       0             1820072       401091        273808        203440        159493        120573        82677         36980         
0.600 2            0.999996        3.83778         181         12          20          41          3319397       3319397       0             0             5942878       5942878       0             1950130       429655        293404        217796        170927        129259        88577         39649         
0.600 2            0.999996        3.83617         181         12          20          41          3540170       3540170       0             0             6337844       6337844       0             2079642       458293        312949        232237        182264        137880        94479         42426         
0.600 2            0.999997        3.83835         181         12          20          41          3761823       3761823       0             0             6734809       6734809       0             2210325       486662        332472        246806        193546        146604        100339        45069         
0.600 2            0.999997        3.83811         181         12          20          41          3983079       3983079       0             0             7130718       7130718       0             2340318       515114        352099        261358        205080        155152        106227        47731         
0.600 2            0.999998        3.83725         181         12          20          41          4203952       4203952       0             0             7526704       7526704       0             2469673       544076        371620        275729        216473        163831        112160        50390         
0.600 2            0.999997        3.83449         181         12          20          41          4425162       4425162       0             0             7922154       7922154       0             2599654       572676        390990        290390        227855        172578        118047        52972         
0.600 2            0.999997        3.83327         181         12          20          41          4646787       4646787       0             0             8316283       8316283       0             2730166       601230        410445        305054        239144        181179        124035        55534         
0.600 2            0.999996        3.83293         181         12          20          41          4868161       4868161       0             0             8711996       8711996       0             2860103       630080        430071        319355        250592        189894        129892        58174         
0.600 2            0.999997        3.83219         181         12          20          41          5088783       5088783       0             0             9105900       9105900       0             2989631       658497        449388        334000        261962        198548        135871        60886         
0.600 2            0.999998        3.83285         181         12          20          41          5309554       5309554       0             0             9503037       9503037       0             3118597       687549        468941        348622        273312        207201        141852        63480         
0.600 2            0.999997        3.83359         181         12          20          41          5531240       5531240       0             0             9898531       9898531       0             3249041       716164        488536        362978        284762        215914        147719        66126         
0.600 2            0.999998        3.83217         181         12          20          41          5752112       5752112       0             0             10294569      10294569      0             3378654       744690        508143        377534        296038        224536        153709        68808         
0.600 2            0.999998        3.83302         181         12          20          41          5973182       5973182       0             0             10691629      10691629      0             3508414       773199        527765        392251        307453        233112        159520        71468         
0.600 2            0.999997        3.83277         181         12          20          41          6194206       6194206       0             0             11086617      11086617      0             3638123       801880        547251        406748        318831        241861        165421        74091         
0.600 2            0.999998        3.83219         181         12          20          41          6415628       6415628       0             0             11482797      11482797      0             3768025       830853        566649        421382        330293        250443        171249        76734         
0.600 2            0.999998        3.83175         181         12          20          41          6637543       6637543       0             0             11878649      11878649      0             3898692       859433        586183        435985        341647        259089        177224        79290         
0.600 2            0.999998        3.83059         181         12          20          41          6858285       6858285       0             0             12274585      12274585      0             4028010       888368        605598        450393        353072        267730        183132        81982         
0.600 2            0.999998        3.83036         181         12          20          41          7079410       7079410       0             0             12671019      12671019      0             4157560       916997        625481        465021        364334        276271        189113        84633         
       Value   Percentile   TotalCount 1/(1-Percentile)

       1.000     0.000000      4381874         1.00
       1.000     0.100000      4381874         1.11
       1.000     0.200000      4381874         1.25
       1.000     0.300000      4381874         1.43
       1.000     0.400000      4381874         1.67
       2.000     0.500000      5882716         2.00
       2.000     0.550000      5882716         2.22
       2.000     0.600000      5882716         2.50
       3.000     0.650000      6546572         2.86
       3.000     0.700000      6546572         3.33
       4.000     0.750000      6973070         4.00
       5.000     0.775000      7276046         4.44
       6.000     0.800000      7504056         5.00
       7.000     0.825000      7684890         5.71
       8.000     0.850000      7834671         6.67
      10.000     0.875000      8074179         8.00
      12.000     0.887500      8261930         8.89
      13.000     0.900000      8341734        10.00
      14.000     0.912500      8414255        11.43
      16.000     0.925000      8539936        13.33
      18.000     0.937500      8644744        16.00
      20.000     0.943750      8731494        17.78
      21.000     0.950000      8769347        20.00
      23.000     0.956250      8836318        22.86
      25.000     0.962500      8892422        26.67
      27.000     0.968750      8939636        32.00
      28.000     0.971875      8960390        35.56
      30.000     0.975000      8997492        40.00
      32.000     0.978125      9029022        45.71
      34.000     0.981250      9055698        53.33
      36.000     0.984375      9078355        64.00
      37.000     0.985938      9088570        71.11
      39.000     0.987500      9106598        80.00
      41.000     0.989062      9122171        91.43
      43.000     0.990625      9135336       106.67
      45.000     0.992188      9146503       128.00
      46.000     0.992969      9151523       142.22
      48.000     0.993750      9160292       160.00
      50.000     0.994531      9167963       182.86
      52.000     0.995313      9174489       213.33
      54.000     0.996094      9180171       256.00
      56.000     0.996484      9185141       284.44
      57.000     0.996875      9187316       320.00
      59.000     0.997266      9191101       365.71
      61.000     0.997656      9194473       426.67
      64.000     0.998047      9198674       512.00
      65.000     0.998242      9199857       568.89
      67.000     0.998437      9202043       640.00
      69.000     0.998633      9203967       731.43
      71.000     0.998828      9205550       853.33
      73.000     0.999023      9206933      1024.00
      75.000     0.999121      9208190      1137.78
      76.000     0.999219      9208721      1280.00
      78.000     0.999316      9209737      1462.86
      80.000     0.999414      9210642      1706.67
      83.000     0.999512      9211695      2048.00
      84.000     0.999561      9211999      2275.56
      86.000     0.999609      9212530      2560.00
      87.000     0.999658      9212777      2925.71
      89.000     0.999707      9213210      3413.33
      92.000     0.999756      9213755      4096.00
      93.000     0.999780      9213906      4551.11
      95.000     0.999805      9214171      5120.00
      97.000     0.999829      9214392      5851.43
      99.000     0.999854      9214586      6826.67
     102.000     0.999878      9214861      8192.00
     103.000     0.999890      9214936      9102.22
     104.000     0.999902      9215006     10240.00
     106.000     0.999915      9215131     11702.86
     108.000     0.999927      9215229     13653.33
     111.000     0.999939      9215363     16384.00
     112.000     0.999945      9215399     18204.44
     114.000     0.999951      9215462     20480.00
     116.000     0.999957      9215518     23405.71
     118.000     0.999963      9215572     27306.67
     121.000     0.999969      9215627     32768.00
     123.000     0.999973      9215652     36408.89
     125.000     0.999976      9215671     40960.00
     128.000     0.999979      9215709     46811.43
     129.000     0.999982      9215726     54613.33
     132.000     0.999985      9215763     65536.00
     134.000     0.999986      9215778     72817.78
     135.000     0.999988      9215787     81920.00
     136.000     0.999989      9215796     93622.86
     139.000     0.999991      9215818    109226.67
     141.000     0.999992      9215827    131072.00
     142.000     0.999993      9215831    145635.56
     144.000     0.999994      9215841    163840.00
     145.000     0.999995      9215848    187245.71
     147.000     0.999995      9215853    218453.33
     149.000     0.999996      9215859    262144.00
     151.000     0.999997      9215863    291271.11
     154.000     0.999997      9215866    327680.00
     157.000     0.999997      9215873    374491.43
     157.000     0.999998      9215873    436906.67
     160.000     0.999998      9215877    524288.00
     161.000     0.999998      9215879    582542.22
     162.000     0.999998      9215880    655360.00
     167.000     0.999999      9215882    748982.86
     170.000     0.999999      9215884    873813.33
     173.000     0.999999      9215886   1048576.00
     174.000     0.999999      9215888   1165084.44
     174.000     0.999999      9215888   1310720.00
     174.000     0.999999      9215888   1497965.71
     175.000     0.999999      9215889   1747626.67
     179.000     1.000000      9215890   2097152.00
     181.000     1.000000      9215892   2330168.89
     181.000     1.000000      9215892   2621440.00
     181.000     1.000000      9215892   2995931.43
     181.000     1.000000      9215892   3495253.33
     181.000     1.000000      9215892   4194304.00
     182.000     1.000000      9215894   4660337.78
     182.000     1.000000      9215894          inf
#[Mean    =        4.830, StdDeviation   =        8.296]
#[Max     =      182.000, Total count    =      9215894]
#[Buckets =           22, SubBuckets     =         2048]
{
    "E_Frequency": 100,
    "Ouroboros_filename": "../data/Ouroboros/n=8.txt",
    "Ouroboros_stats_filename": "../results/Simulator-8-1920000-2786580429.dat",
    "Queue_bound": 10000,
    "average_burst_length": -1,
    "average_burst_length_array": [],
    "frame_number": 1920000,
    "injection_name": "Bernoulli",
    "injection_option": 0,
    "load": 0.6,
    "load_array": [
        0.6
    ],
    "model_name": "",
    "model_option": 3,
    "name": "Simulator",
    "port_number": 8,
    "probability_off": -1,
    "probability_on": -1,
    "seed_for_traffic_generator": 2786580429,
    "type": 0,
    "verbosity_level": 1
}
{
    "arrivals": [
        -1,
        -1,
        -1,
        -1,
        -1,
        -1,
        -1,
        -1
    ],
    "current-timeslot": 0,
    "queue-lengths": [
        [
            0,
            0,
            0,
            0,
            0,
            0,
            0,
            0
        ],
        [
            0,
            0,
            0,
            0,
            0,
            0,
            0,
            0
        ],
        [
            0,
            0,
            0,
            0,
            0,
            0,
            0,
            0
        ],
        [
            0,
            0,
            0,
            0,
            0,
            0,
            0,
            0
        ],
        [
            0,
            0,
            0,
            0,
            0,
            0,
            0,
            0
        ],
        [
            0,
            0,
            0,
            0,
            0,
            0,
            0,
            0
        ],
        [
            0,
            0,
            0,
            0,
            0,
            0,
            0,
            0
        ],
        [
            0,
            0,
            0,
            0,
            0,
            0,
            0,
            0
        ]
    ],
    "schedule": [
        0,
        1,
        2,
        3,
        4,
        5,
        6,
        7
    ]
}
0               -1              0           -1          -1          -1          0             0             0             0             0             0             0             0             0             0             0             0             0             0             0             
#Load Traffic-Mode Throughput      Mean-Delay      Max-Delay   P90-Delay   P95-Delay   P99-Delay   cycles        cycles-ourob  cycles-wrong  cycles-bc     cyc-weights   ocyc-weights  wcyc-weights  CS-1          CS-2          CS-3          CS-4          CS-5          CS-6          CS-7          CS-8          
0.600 3            0.999976        1.14203         61          3           6           15          327777        327777        0             0             356692        356692        0             252797        46420         11212         4577          4207          4470          3092          1002          
0.600 3            0.999995        1.1406          69          3           6           15          656141        656141        0             0             713810        713810        0             505861        92906         22975         9129          8565          8706          6119          1880          
0.600 3            0.999995        1.13934         69          3           6           15          983373        983373        0             0             1072089       1072089       0             757554        139437        34478         13856         12928         13186         9090          2844          
0.600 3            0.999994        1.13923         69          3           6           15          1312029       1312029       0             0             1428306       1428306       0             1010830       186392        45899         18327         17192         17592         12083         3714          
0.600 3            0.999997        1.14183         69          3           6           15          1640179       1640179       0             0             1786486       1786486       0             1262889       233697        57665         22929         21431         21957         14963         4648          
0.600 3            0.999997        1.14071         69          3           6           15          1968883       1968883       0             0             2143884       2143884       0             1516478       280008        69354         27494         25786         26318         17842         5603          
0.600 3            0.999998        1.14187         69          3           6           15          2296688       2296688       0             0             2502072       2502072       0             1768643       326905        80905         31952         30170         30698         20886         6529          
0.600 3            0.999998        1.14361         69          3           6           15          2625120       2625120       0             0             2860702       2860702       0             2021598       373697        92473         36476         34387         35201         23760         7528          
0.600 3            0.999998        1.14301         69          3           6           15          2952680       2952680       0             0             3218401       3218401       0             2273562       420498        103998        41012         38759         39593         26793         8465          
0.600 3            0.999998        1.14366         69          3           6           15          3280754       3280754       0             0             3575964       3575964       0             2525847       467611        115636        45514         43087         43962         29696         9401          
0.600 3            1               1.14192         69          3           6           15          3609027       3609027       0             0             3932032       3932032       0             2778668       514434        127196        50056         47346         48381         32604         10342         
0.600 3            0.999998        1.14146         69          3           6           15          3936822       3936822       0             0             4289703       4289703       0             3030601       561635        138713        54580         51686         52787         35554         11266         
0.600 3            0.999999        1.14101         69          3           6           15          4265148       4265148       0             0             4646606       4646606       0             3283623       608257        150308        59106         55918         57171         38589         12176         
0.600 3            0.999999        1.14128         69          3           6           15          4593141       4593141       0             0             5004509       5004509       0             3536032       655203        161804        63714         60153         61579         41529         13127         
0.600 3            0.999999        1.14053         69          3           6           15          4920971       4920971       0             0             5360790       5360790       0             3788252       702055        173439        68290         64423         65988         44466         14058         
0.600 3            0.999999        1.14044         69          3           6           15          5250049       5250049       0             0             5716758       5716758       0             4041875       749183        184881        72786         68564         70284         47464         15012         
0.600 3            0.999998        1.14023         69          3           6           15          5577824       5577824       0             0             6074750       6074750       0             4294010       796077        196403        77322         72961         74690         50422         15939         
0.600 3            0.999999        1.14001         69          3           6           15          5904963       5904963       0             0             6431772       6431772       0             4545811       842474        207920        81896         77295         79239         53436         16892         
0.600 3            0.999999        1.13974         69          3           6           15          6233941       6233941       0             0             6788461       6788461       0             4799253       889300        219667        86421         81582         83557         56374         17787         
0.600 3            0.999999        1.13989         69          3           6           15          6562384       6562384       0             0             7146329       7146329       0             5052230       935906        231379        91010         85968         87874         59327         18690         
0.600 3            0.999999        1.13955         69          3           6           15          6891586       6891586       0             0             7502933       7502933       0             5306010       982823        242839        95646         90240         92182         62281         19565         
0.600 3            0.999999        1.13999         69          3           6           15          7219973       7219973       0             0             7860781       7860781       0             5558457       1029983       254599        100350        94485         96512         65101         20486         
0.600 3            0.999999        1.13979         69          3           6           15          7548096       7548096       0             0             8217840       8217840       0             5810879       1076987       266242        104888        98746         100878        68041         21435         
0.600 3            0.999999        1.14005         69          3           6           15          7876208       7876208       0             0             8576233       8576233       0             6063077       1124193       277889        109477        103006        105248        70932         22386         
0.600 3            0.999999        1.14041         69          3           6           15          8205100       8205100       0             0             8934029       8934029       0             6316324       1171344       289460        114046        107204        109508        73860         23354         
0.600 3            0.999999        1.14021         69          3           6           15          8533104       8533104       0             0             9291056       9291056       0             6568687       1218410       300798        118639        111553        113969        76764         24284         
0.600 3            1               1.14072         69          3           6           15          8861674       8861674       0             0             9649094       9649094       0             6821911       1265171       312244        123198        115886        118340        79743         25181         
0.600 3            0.999999        1.14091         76          3           6           15          9189966       9189966       0             0             10007085      10007085      0             7074655       1312054       323752        127776        120189        122719        82678         26143         
0.600 3            0.999999        1.14071         76          3           6           15          9517627       9517627       0             0             10365235      10365235      0             7326568       1358975       335306        132507        124515        127054        85595         27107         
0.600 3            0.999999        1.14034         76          3           6           15          9844685       9844685       0             0             10721283      10721283      0             7578016       1405504       347029        137150        128782        131563        88575         28066         
0.600 3            0.999999        1.14057         81          3           6           15          10174262      10174262      0             0             11078785      11078785      0             7831665       1452983       358719        141797        132911        135912        91339         28936         
0.600 3            1               1.14037         81          3           6           15          10501865      10501865      0             0             11435128      11435128      0             8083604       1499787       370380        146294        137202        140371        94298         29929         
       Value   Percentile   TotalCount 1/(1-Percentile)

       1.000     0.000000      5994770         1.00
       1.000     0.100000      5994770         1.11
       1.000     0.200000      5994770         1.25
       1.000     0.300000      5994770         1.43
       1.000     0.400000      5994770         1.67
       1.000     0.500000      5994770         2.00
       1.000     0.550000      5994770         2.22
       1.000     0.600000      5994770         2.50
       1.000     0.650000      5994770         2.86
       2.000     0.700000      7650375         3.33
       2.000     0.750000      7650375         4.00
       2.000     0.775000      7650375         4.44
       2.000     0.800000      7650375         5.00
       2.000     0.825000      7650375         5.71
       3.000     0.850000      8171381         6.67
       3.000     0.875000      8171381         8.00
       4.000     0.887500      8421371         8.89
       4.000     0.900000      8421371        10.00
       4.000     0.912500      8421371        11.43
       5.000     0.925000      8575592        13.33
       6.000     0.937500      8687897        16.00
       7.000     0.943750      8776197        17.78
       7.000     0.950000      8776197        20.00
       8.000     0.956250      8848914        22.86
       9.000     0.962500      8909035        26.67
      10.000     0.968750      8959360        32.00
      10.000     0.971875      8959360        35.56
      11.000     0.975000      9001357        40.00
      12.000     0.978125      9036050        45.71
      13.000     0.981250      9065061        53.33
      14.000     0.984375      9089423        64.00
      14.000     0.985938      9089423        71.11
      15.000     0.987500      9109748        80.00
      16.000     0.989062      9126772        91.43
      17.000     0.990625      9141223       106.67
      18.000     0.992188      9153204       128.00
      18.000     0.992969      9153204       142.22
      19.000     0.993750      9163056       160.00
      20.000     0.994531      9171272       182.86
      21.000     0.995313      9178287       213.33
      22.000     0.996094      9184227       256.00
      22.000     0.996484      9184227       284.44
      23.000     0.996875      9189168       320.00
      24.000     0.997266      9193284       365.71
      25.000     0.997656      9196776       426.67
      26.000     0.998047      9199767       512.00
      26.000     0.998242      9199767       568.89
      27.000     0.998437      9202281       640.00
      28.000     0.998633      9204361       731.43
      29.000     0.998828      9206157       853.33
      30.000     0.999023      9207687      1024.00
      31.000     0.999121      9208977      1137.78
      31.000     0.999219      9208977      1280.00
      32.000     0.999316      9210046      1462.86
      33.000     0.999414      9210994      1706.67
      34.000     0.999512      9211781      2048.00
      35.000     0.999561      9212443      2275.56
      35.000     0.999609      9212443      2560.00
      36.000     0.999658      9212973      2925.71
      37.000     0.999707      9213432      3413.33
      38.000     0.999756      9213813      4096.00
      39.000     0.999780      9214152      4551.11
      40.000     0.999805      9214452      5120.00
      40.000     0.999829      9214452      5851.43
      41.000     0.999854      9214701      6826.67
      42.000     0.999878      9214888      8192.00
      43.000     0.999890      9215068      9102.22
      43.000     0.999902      9215068     10240.00
      44.000     0.999915      9215188     11702.86
      45.000     0.999927      9215309     13653.33
      46.000     0.999939      9215404     16384.00
      47.000     0.999945      9215493     18204.44
      48.000     0.999951      9215558     20480.00
      49.000     0.999957      9215614     23405.71
      50.000     0.999963      9215661     27306.67
      51.000     0.999969      9215712     32768.00
      51.000     0.999973      9215712     36408.89
      52.000     0.999976      9215757     40960.00
      53.000     0.999979      9215789     46811.43
      54.000     0.999982      9215811     54613.33
      55.000     0.999985      9215831     65536.00
      56.000     0.999986      9215856     72817.78
      56.000     0.999988      9215856     81920.00
      57.000     0.999989      9215868     93622.86
      58.000     0.999991      9215880    109226.67
      59.000     0.999992      9215895    131072.00
      60.000     0.999993      9215908    145635.56
      60.000     0.999994      9215908    163840.00
      61.000     0.999995      9215920    187245.71
      61.000     0.999995      9215920    218453.33
      63.000     0.999996      9215931    262144.00
      63.000     0.999997      9215931    291271.11
      64.000     0.999997      9215941    327680.00
      64.000     0.999997      9215941    374491.43
      64.000     0.999998      9215941    436906.67
      66.000     0.999998      9215947    524288.00
      66.000     0.999998      9215947    582542.22
      67.000     0.999998      9215949    655360.00
      68.000     0.999999      9215952    748982.86
      68.000     0.999999      9215952    873813.33
      69.000     0.999999      9215955   1048576.00
      69.000     0.999999      9215955   1165084.44
      69.000     0.999999      9215955   1310720.00
      70.000     0.999999      9215957   1497965.71
      70.000     0.999999      9215957   1747626.67
      74.000     1.000000      9215958   2097152.00
      75.000     1.000000      9215960   2330168.89
      75.000     1.000000      9215960   2621440.00
      75.000     1.000000      9215960   2995931.43
      75.000     1.000000      9215960   3495253.33
      75.000     1.000000      9215960   4194304.00
      77.000     1.000000      9215961   4660337.78
      77.000     1.000000      9215961   5242880.00
      77.000     1.000000      9215961   5991862.86
      77.000     1.000000      9215961   6990506.67
      77.000     1.000000      9215961   8388608.00
      82.000     1.000000      9215962   9320675.55
      82.000     1.000000      9215962          inf
#[Mean    =        2.140, StdDeviation   =        2.987]
#[Max     =       82.000, Total count    =      9215962]
#[Buckets =           22, SubBuckets     =         2048]
