Get seed: 2537741255
{
    "abls": [],
    "frame_number": 5120000,
    "injection_name": "Bernoulli",
    "injection_option": 0,
    "loads": [
        0.6
    ],
    "logging_file": "../logging/default_logging.txt",
    "model_name": "",
    "model_option": 0,
    "name": "Simulator",
    "port_number": 16,
    "type": 0
}
{
    "VOQs": [
        [
            0,
            0,
            0,
            0,
            0,
            0,
            0,
            0,
            0,
            0,
            0,
            0,
            0,
            0,
            0,
            0
        ],
        [
            0,
            0,
            0,
            0,
            0,
            0,
            0,
            0,
            0,
            0,
            0,
            0,
            0,
            0,
            0,
            0
        ],
        [
            0,
            0,
            0,
            0,
            0,
            0,
            0,
            0,
            0,
            0,
            0,
            0,
            0,
            0,
            0,
            0
        ],
        [
            0,
            0,
            0,
            0,
            0,
            0,
            0,
            0,
            0,
            0,
            0,
            0,
            0,
            0,
            0,
            0
        ],
        [
            0,
            0,
            0,
            0,
            0,
            0,
            0,
            0,
            0,
            0,
            0,
            0,
            0,
            0,
            0,
            0
        ],
        [
            0,
            0,
            0,
            0,
            0,
            0,
            0,
            0,
            0,
            0,
            0,
            0,
            0,
            0,
            0,
            0
        ],
        [
            0,
            0,
            0,
            0,
            0,
            0,
            0,
            0,
            0,
            0,
            0,
            0,
            0,
            0,
            0,
            0
        ],
        [
            0,
            0,
            0,
            0,
            0,
            0,
            0,
            0,
            0,
            0,
            0,
            0,
            0,
            0,
            0,
            0
        ],
        [
            0,
            0,
            0,
            0,
            0,
            0,
            0,
            0,
            0,
            0,
            0,
            0,
            0,
            0,
            0,
            0
        ],
        [
            0,
            0,
            0,
            0,
            0,
            0,
            0,
            0,
            0,
            0,
            0,
            0,
            0,
            0,
            0,
            0
        ],
        [
            0,
            0,
            0,
            0,
            0,
            0,
            0,
            0,
            0,
            0,
            0,
            0,
            0,
            0,
            0,
            0
        ],
        [
            0,
            0,
            0,
            0,
            0,
            0,
            0,
            0,
            0,
            0,
            0,
            0,
            0,
            0,
            0,
            0
        ],
        [
            0,
            0,
            0,
            0,
            0,
            0,
            0,
            0,
            0,
            0,
            0,
            0,
            0,
            0,
            0,
            0
        ],
        [
            0,
            0,
            0,
            0,
            0,
            0,
            0,
            0,
            0,
            0,
            0,
            0,
            0,
            0,
            0,
            0
        ],
        [
            0,
            0,
            0,
            0,
            0,
            0,
            0,
            0,
            0,
            0,
            0,
            0,
            0,
            0,
            0,
            0
        ],
        [
            0,
            0,
            0,
            0,
            0,
            0,
            0,
            0,
            0,
            0,
            0,
            0,
            0,
            0,
            0,
            0
        ]
    ],
    "arrivals": [
        -1,
        -1,
        -1,
        -1,
        -1,
        -1,
        -1,
        -1,
        -1,
        -1,
        -1,
        -1,
        -1,
        -1,
        -1,
        -1
    ],
    "current_time": 0,
    "schedule": [
        0,
        1,
        2,
        3,
        4,
        5,
        6,
        7,
        8,
        9,
        10,
        11,
        12,
        13,
        14,
        15
    ]
}
{
    "arrivals": 0.0,
    "delay_counter": 0.0,
    "departures": 0.0,
    "max_delay": 0,
    "mean_delay": 0.0,
    "sum_delay": 0.0
}
       Value   Percentile   TotalCount 1/(1-Percentile)

       0.000     1.000000            0          inf
#[Mean    =         -nan, StdDeviation   =         -nan]
#[Max     =        0.000, Total count    =            0]
#[Buckets =           22, SubBuckets     =         2048]
#Load Traffic-Mode Throughput  Mean-Delay      Max-Delay   Mean-Delay-HDR  Max-Delay-HDR Delay-STD-HDR  P90-Delay   P95-Delay   P99-Delay   
0.60  0            0.9998      27.0965         464         27.0965         464           37.2861        78          105         165         
0.60  0            0.9999      27.0909         464         27.0909         464           37.2660        78          105         165         
0.60  0            0.9999      27.0758         508         27.0758         508           37.2896        78          105         165         
0.60  0            1.0000      27.1188         508         27.1188         508           37.3256        78          105         165         
0.60  0            1.0000      27.1357         508         27.1357         508           37.3617        78          105         165         
0.60  0            1.0000      27.1699         524         27.1699         524           37.3972        78          105         165         
0.60  0            1.0000      27.1440         524         27.1440         524           37.3662        78          105         165         
0.60  0            1.0000      27.1392         524         27.1392         524           37.3612        78          105         165         
0.60  0            1.0000      27.1639         529         27.1639         529           37.3982        78          105         165         
0.60  0            1.0000      27.1620         529         27.1620         529           37.3997        78          105         165         
0.60  0            1.0000      27.1715         529         27.1715         529           37.4094        78          105         165         
0.60  0            1.0000      27.1753         529         27.1753         529           37.4184        78          105         165         
0.60  0            1.0000      27.1600         529         27.1600         529           37.4026        78          105         165         
0.60  0            1.0000      27.1486         529         27.1486         529           37.3925        78          105         165         
0.60  0            1.0000      27.1532         529         27.1532         529           37.3967        78          105         165         
0.60  0            1.0000      27.1517         529         27.1517         529           37.3963        78          105         165         
0.60  0            1.0000      27.1465         581         27.1465         581           37.3927        78          105         165         
0.60  0            1.0000      27.1542         581         27.1542         581           37.3991        78          105         165         
0.60  0            1.0000      27.1549         581         27.1549         581           37.3994        78          105         165         
0.60  0            1.0000      27.1515         581         27.1515         581           37.3964        78          105         165         
0.60  0            1.0000      27.1501         581         27.1501         581           37.3964        78          105         165         
0.60  0            1.0000      27.1533         581         27.1533         581           37.4016        78          105         165         
0.60  0            1.0000      27.1532         581         27.1532         581           37.4027        78          105         165         
0.60  0            1.0000      27.1557         581         27.1557         581           37.4042        78          105         165         
0.60  0            1.0000      27.1585         581         27.1585         581           37.4085        78          105         165         
0.60  0            1.0000      27.1529         581         27.1529         581           37.4038        78          105         165         
0.60  0            1.0000      27.1499         581         27.1499         581           37.3997        78          105         165         
0.60  0            1.0000      27.1566         581         27.1566         581           37.4066        78          105         165         
0.60  0            1.0000      27.1593         581         27.1593         581           37.4086        78          105         165         
0.60  0            1.0000      27.1545         581         27.1545         581           37.4015        78          105         165         
0.60  0            1.0000      27.1581         581         27.1581         581           37.4056        78          105         165         
0.60  0            1.0000      27.1632         581         27.1632         581           37.4092        78          105         165         
       Value   Percentile   TotalCount 1/(1-Percentile)

       1.000     0.000000     12232664         1.00
       1.000     0.100000     12232664         1.11
       1.000     0.200000     12232664         1.25
       2.000     0.300000     14787934         1.43
       7.000     0.400000     20324255         1.67
      13.000     0.500000     25066251         2.00
      17.000     0.550000     27580293         2.22
      21.000     0.600000     29728951         2.50
      26.000     0.650000     32022677         2.86
      33.000     0.700000     34695478         3.33
      40.000     0.750000     36905111         4.00
      45.000     0.775000     38265554         4.44
      50.000     0.800000     39472131         5.00
      56.000     0.825000     40749110         5.71
      62.000     0.850000     41863143         6.67
      70.000     0.875000     43135689         8.00
      74.000     0.887500     43692547         8.89
      79.000     0.900000     44319474        10.00
      84.000     0.912500     44879969        11.43
      90.000     0.925000     45472893        13.33
      98.000     0.937500     46146055        16.00
     102.000     0.943750     46437890        17.78
     106.000     0.950000     46703830        20.00
     112.000     0.956250     47057123        22.86
     118.000     0.962500     47361635        26.67
     124.000     0.968750     47624077        32.00
     128.000     0.971875     47778460        35.56
     133.000     0.975000     47950368        40.00
     138.000     0.978125     48102554        45.71
     143.000     0.981250     48236261        53.33
     150.000     0.984375     48396234        64.00
     154.000     0.985938     48475351        71.11
     158.000     0.987500     48546833        80.00
     163.000     0.989062     48625887        91.43
     169.000     0.990625     48708051       106.67
     175.000     0.992188     48777924       128.00
     179.000     0.992969     48818408       142.22
     183.000     0.993750     48854426       160.00
     188.000     0.994531     48894773       182.86
     193.000     0.995313     48929848       213.33
     199.000     0.996094     48966218       256.00
     203.000     0.996484     48987111       284.44
     207.000     0.996875     49006032       320.00
     212.000     0.997266     49026519       365.71
     217.000     0.997656     49044382       426.67
     223.000     0.998047     49062699       512.00
     227.000     0.998242     49073254       568.89
     231.000     0.998437     49082708       640.00
     235.000     0.998633     49091147       731.43
     240.000     0.998828     49100327       853.33
     247.000     0.999023     49110983      1024.00
     250.000     0.999121     49115047      1137.78
     254.000     0.999219     49119763      1280.00
     259.000     0.999316     49124997      1462.86
     264.000     0.999414     49129701      1706.67
     270.000     0.999512     49134340      2048.00
     273.000     0.999561     49136365      2275.56
     277.000     0.999609     49138758      2560.00
     282.000     0.999658     49141396      2925.71
     287.000     0.999707     49143664      3413.33
     293.000     0.999756     49146030      4096.00
     296.000     0.999780     49147052      4551.11
     300.000     0.999805     49148248      5120.00
     305.000     0.999829     49149621      5851.43
     309.000     0.999854     49150600      6826.67
     315.000     0.999878     49151843      8192.00
     318.000     0.999890     49152386      9102.22
     322.000     0.999902     49153076     10240.00
     326.000     0.999915     49153654     11702.86
     331.000     0.999927     49154257     13653.33
     336.000     0.999939     49154803     16384.00
     339.000     0.999945     49155063     18204.44
     343.000     0.999951     49155398     20480.00
     347.000     0.999957     49155658     23405.71
     352.000     0.999963     49155972     27306.67
     358.000     0.999969     49156286     32768.00
     361.000     0.999973     49156438     36408.89
     364.000     0.999976     49156562     40960.00
     369.000     0.999979     49156734     46811.43
     374.000     0.999982     49156867     54613.33
     380.000     0.999985     49157018     65536.00
     384.000     0.999986     49157092     72817.78
     387.000     0.999988     49157162     81920.00
     392.000     0.999989     49157243     93622.86
     397.000     0.999991     49157320    109226.67
     404.000     0.999992     49157389    131072.00
     408.000     0.999993     49157429    145635.56
     412.000     0.999994     49157463    163840.00
     416.000     0.999995     49157499    187245.71
     420.000     0.999995     49157535    218453.33
     424.000     0.999996     49157571    262144.00
     428.000     0.999997     49157591    291271.11
     431.000     0.999997     49157607    327680.00
     434.000     0.999997     49157629    374491.43
     438.000     0.999998     49157647    436906.67
     441.000     0.999998     49157664    524288.00
     445.000     0.999998     49157675    582542.22
     448.000     0.999998     49157684    655360.00
     452.000     0.999999     49157693    748982.86
     459.000     0.999999     49157702    873813.33
     469.000     0.999999     49157714   1048576.00
     471.000     0.999999     49157717   1165084.44
     474.000     0.999999     49157722   1310720.00
     476.000     0.999999     49157725   1497965.71
     478.000     0.999999     49157730   1747626.67
     482.000     1.000000     49157734   2097152.00
     483.000     1.000000     49157736   2330168.89
     487.000     1.000000     49157739   2621440.00
     490.000     1.000000     49157741   2995931.43
     491.000     1.000000     49157743   3495253.33
     501.000     1.000000     49157746   4194304.00
     502.000     1.000000     49157747   4660337.78
     509.000     1.000000     49157748   5242880.00
     518.000     1.000000     49157749   5991862.86
     520.000     1.000000     49157750   6990506.67
     525.000     1.000000     49157752   8388608.00
     525.000     1.000000     49157752   9320675.55
     526.000     1.000000     49157753  10485760.00
     526.000     1.000000     49157753  11983725.71
     527.000     1.000000     49157754  13981013.34
     530.000     1.000000     49157755  16777216.00
     530.000     1.000000     49157755  18641351.10
     530.000     1.000000     49157755  20971519.98
     530.000     1.000000     49157755  23967451.45
     577.000     1.000000     49157756  27962026.68
     577.000     1.000000     49157756  33554432.00
     577.000     1.000000     49157756  37282702.28
     577.000     1.000000     49157756  41943039.96
     577.000     1.000000     49157756  47934902.91
     582.000     1.000000     49157757  55924053.19
     582.000     1.000000     49157757          inf
#[Mean    =       28.163, StdDeviation   =       37.409]
#[Max     =      582.000, Total count    =     49157757]
#[Buckets =           22, SubBuckets     =         2048]
reset:: start ...
reset:: A ...
reset:: Q ...
reset:: B ...
reset:: S ...
reset:: instruments ...
reset histogram ...
{
    "abls": [],
    "frame_number": 5120000,
    "injection_name": "Bernoulli",
    "injection_option": 0,
    "loads": [
        0.6
    ],
    "logging_file": "../logging/default_logging.txt",
    "model_name": "",
    "model_option": 1,
    "name": "Simulator",
    "port_number": 16,
    "type": 0
}
{
    "VOQs": [
        [
            0,
            0,
            0,
            0,
            0,
            0,
            0,
            0,
            0,
            0,
            0,
            0,
            0,
            0,
            0,
            0
        ],
        [
            0,
            0,
            0,
            0,
            0,
            0,
            0,
            0,
            0,
            0,
            0,
            0,
            0,
            0,
            0,
            0
        ],
        [
            0,
            0,
            0,
            0,
            0,
            0,
            0,
            0,
            0,
            0,
            0,
            0,
            0,
            0,
            0,
            0
        ],
        [
            0,
            0,
            0,
            0,
            0,
            0,
            0,
            0,
            0,
            0,
            0,
            0,
            0,
            0,
            0,
            0
        ],
        [
            0,
            0,
            0,
            0,
            0,
            0,
            0,
            0,
            0,
            0,
            0,
            0,
            0,
            0,
            0,
            0
        ],
        [
            0,
            0,
            0,
            0,
            0,
            0,
            0,
            0,
            0,
            0,
            0,
            0,
            0,
            0,
            0,
            0
        ],
        [
            0,
            0,
            0,
            0,
            0,
            0,
            0,
            0,
            0,
            0,
            0,
            0,
            0,
            0,
            0,
            0
        ],
        [
            0,
            0,
            0,
            0,
            0,
            0,
            0,
            0,
            0,
            0,
            0,
            0,
            0,
            0,
            0,
            0
        ],
        [
            0,
            0,
            0,
            0,
            0,
            0,
            0,
            0,
            0,
            0,
            0,
            0,
            0,
            0,
            0,
            0
        ],
        [
            0,
            0,
            0,
            0,
            0,
            0,
            0,
            0,
            0,
            0,
            0,
            0,
            0,
            0,
            0,
            0
        ],
        [
            0,
            0,
            0,
            0,
            0,
            0,
            0,
            0,
            0,
            0,
            0,
            0,
            0,
            0,
            0,
            0
        ],
        [
            0,
            0,
            0,
            0,
            0,
            0,
            0,
            0,
            0,
            0,
            0,
            0,
            0,
            0,
            0,
            0
        ],
        [
            0,
            0,
            0,
            0,
            0,
            0,
            0,
            0,
            0,
            0,
            0,
            0,
            0,
            0,
            0,
            0
        ],
        [
            0,
            0,
            0,
            0,
            0,
            0,
            0,
            0,
            0,
            0,
            0,
            0,
            0,
            0,
            0,
            0
        ],
        [
            0,
            0,
            0,
            0,
            0,
            0,
            0,
            0,
            0,
            0,
            0,
            0,
            0,
            0,
            0,
            0
        ],
        [
            0,
            0,
            0,
            0,
            0,
            0,
            0,
            0,
            0,
            0,
            0,
            0,
            0,
            0,
            0,
            0
        ]
    ],
    "arrivals": [
        -1,
        -1,
        -1,
        -1,
        -1,
        -1,
        -1,
        -1,
        -1,
        -1,
        -1,
        -1,
        -1,
        -1,
        -1,
        -1
    ],
    "current_time": 5119999,
    "schedule": [
        0,
        1,
        2,
        3,
        4,
        5,
        6,
        7,
        8,
        9,
        10,
        11,
        12,
        13,
        14,
        15
    ]
}
{
    "arrivals": 0.0,
    "delay_counter": 0.0,
    "departures": 0.0,
    "max_delay": 0,
    "mean_delay": 0.0,
    "sum_delay": 0.0
}
       Value   Percentile   TotalCount 1/(1-Percentile)

       0.000     1.000000            0          inf
#[Mean    =         -nan, StdDeviation   =         -nan]
#[Max     =        0.000, Total count    =            0]
#[Buckets =           22, SubBuckets     =         2048]
#Load Traffic-Mode Throughput  Mean-Delay      Max-Delay   Mean-Delay-HDR  Max-Delay-HDR Delay-STD-HDR  P90-Delay   P95-Delay   P99-Delay   
0.60  1            1.0000      5.0989          628         5.0989          628           15.3396        11          27          80          
0.60  1            1.0000      5.1068          628         5.1068          628           15.3571        11          27          80          
0.60  1            1.0000      5.1230          628         5.1230          628           15.3964        11          27          81          
0.60  1            1.0000      5.1128          628         5.1128          628           15.3741        11          27          80          
0.60  1            1.0000      5.1124          628         5.1124          628           15.3947        11          27          81          
0.60  1            1.0000      5.1115          628         5.1115          628           15.4015        11          27          80          
0.60  1            1.0000      5.1089          628         5.1089          628           15.3968        11          27          80          
0.60  1            1.0000      5.1071          628         5.1071          628           15.3878        11          27          80          
0.60  1            1.0000      5.1092          628         5.1092          628           15.3968        11          27          80          
0.60  1            1.0000      5.1097          628         5.1097          628           15.3953        11          27          80          
0.60  1            1.0000      5.1110          628         5.1110          628           15.4096        11          27          80          
0.60  1            1.0000      5.1127          628         5.1127          628           15.4167        11          27          81          
0.60  1            1.0000      5.1117          628         5.1117          628           15.4164        11          27          80          
0.60  1            1.0000      5.1114          628         5.1114          628           15.4152        11          27          80          
0.60  1            1.0000      5.1108          628         5.1108          628           15.4153        11          27          80          
0.60  1            1.0000      5.1100          628         5.1100          628           15.4147        11          27          80          
0.60  1            1.0000      5.1112          628         5.1112          628           15.4229        11          27          80          
0.60  1            1.0000      5.1096          628         5.1096          628           15.4164        11          27          80          
0.60  1            1.0000      5.1102          628         5.1102          628           15.4167        11          27          80          
0.60  1            1.0000      5.1089          628         5.1089          628           15.4115        11          27          80          
0.60  1            1.0000      5.1092          628         5.1092          628           15.4145        11          27          80          
0.60  1            1.0000      5.1072          628         5.1072          628           15.4064        11          27          80          
0.60  1            1.0000      5.1081          628         5.1081          628           15.4089        11          27          80          
0.60  1            1.0000      5.1089          628         5.1089          628           15.4095        11          27          80          
0.60  1            1.0000      5.1084          628         5.1084          628           15.4094        11          27          80          
0.60  1            1.0000      5.1076          628         5.1076          628           15.4071        11          27          80          
0.60  1            1.0000      5.1064          628         5.1064          628           15.4046        11          27          80          
0.60  1            1.0000      5.1068          628         5.1068          628           15.4068        11          27          80          
0.60  1            1.0000      5.1071          628         5.1071          628           15.4087        11          27          80          
0.60  1            1.0000      5.1072          628         5.1072          628           15.4067        11          27          80          
0.60  1            1.0000      5.1069          628         5.1069          628           15.4036        11          27          80          
0.60  1            1.0000      5.1086          628         5.1086          628           15.4082        11          27          80          
       Value   Percentile   TotalCount 1/(1-Percentile)

       1.000     0.000000     24113915         1.00
       1.000     0.100000     24113915         1.11
       1.000     0.200000     24113915         1.25
       1.000     0.300000     24113915         1.43
       1.000     0.400000     24113915         1.67
       2.000     0.500000     31089405         2.00
       2.000     0.550000     31089405         2.22
       2.000     0.600000     31089405         2.50
       3.000     0.650000     35207079         2.86
       3.000     0.700000     35207079         3.33
       4.000     0.750000     37953608         4.00
       5.000     0.775000     39829224         4.44
       5.000     0.800000     39829224         5.00
       6.000     0.825000     41138278         5.71
       7.000     0.850000     42076563         6.67
       9.000     0.875000     43311184         8.00
      10.000     0.887500     43739849         8.89
      12.000     0.900000     44393501        10.00
      14.000     0.912500     44883435        11.43
      18.000     0.925000     45609711        13.33
      22.000     0.937500     46146049        16.00
      25.000     0.943750     46473306        17.78
      28.000     0.950000     46752992        20.00
      32.000     0.956250     47067920        22.86
      36.000     0.962500     47330772        26.67
      42.000     0.968750     47649722        32.00
      45.000     0.971875     47783326        35.56
      49.000     0.975000     47939780        40.00
      54.000     0.978125     48106071        45.71
      59.000     0.981250     48247976        53.33
      65.000     0.984375     48389938        64.00
      69.000     0.985938     48471228        71.11
      73.000     0.987500     48543072        80.00
      78.000     0.989062     48622203        91.43
      84.000     0.990625     48702537       106.67
      91.000     0.992188     48780950       128.00
      94.000     0.992969     48810158       142.22
      99.000     0.993750     48853555       160.00
     104.000     0.994531     48892001       182.86
     109.000     0.995313     48925110       213.33
     116.000     0.996094     48965016       256.00
     120.000     0.996484     48984685       284.44
     124.000     0.996875     49002345       320.00
     129.000     0.997266     49021963       365.71
     135.000     0.997656     49042199       426.67
     142.000     0.998047     49061816       512.00
     145.000     0.998242     49069198       568.89
     150.000     0.998437     49080425       640.00
     154.000     0.998633     49088300       731.43
     160.000     0.998828     49098620       853.33
     166.000     0.999023     49107370      1024.00
     170.000     0.999121     49112465      1137.78
     174.000     0.999219     49117130      1280.00
     179.000     0.999316     49122068      1462.86
     184.000     0.999414     49126507      1706.67
     191.000     0.999512     49131697      2048.00
     195.000     0.999561     49134298      2275.56
     199.000     0.999609     49136532      2560.00
     203.000     0.999658     49138593      2925.71
     209.000     0.999707     49141241      3413.33
     215.000     0.999756     49143477      4096.00
     219.000     0.999780     49144797      4551.11
     223.000     0.999805     49145935      5120.00
     227.000     0.999829     49146932      5851.43
     233.000     0.999854     49148299      6826.67
     239.000     0.999878     49149383      8192.00
     243.000     0.999890     49150041      9102.22
     247.000     0.999902     49150613     10240.00
     251.000     0.999915     49151125     11702.86
     256.000     0.999927     49151738     13653.33
     262.000     0.999939     49152311     16384.00
     266.000     0.999945     49152658     18204.44
     270.000     0.999951     49152954     20480.00
     274.000     0.999957     49153246     23405.71
     279.000     0.999963     49153543     27306.67
     285.000     0.999969     49153842     32768.00
     288.000     0.999973     49153964     36408.89
     292.000     0.999976     49154118     40960.00
     297.000     0.999979     49154277     46811.43
     302.000     0.999982     49154417     54613.33
     308.000     0.999985     49154578     65536.00
     311.000     0.999986     49154642     72817.78
     314.000     0.999988     49154714     81920.00
     320.000     0.999989     49154799     93622.86
     325.000     0.999991     49154863    109226.67
     330.000     0.999992     49154933    131072.00
     334.000     0.999993     49154971    145635.56
     338.000     0.999994     49155012    163840.00
     343.000     0.999995     49155050    187245.71
     347.000     0.999995     49155081    218453.33
     355.000     0.999996     49155124    262144.00
     359.000     0.999997     49155138    291271.11
     363.000     0.999997     49155160    327680.00
     366.000     0.999997     49155176    374491.43
     369.000     0.999998     49155194    436906.67
     375.000     0.999998     49155213    524288.00
     379.000     0.999998     49155225    582542.22
     381.000     0.999998     49155232    655360.00
     384.000     0.999999     49155243    748982.86
     388.000     0.999999     49155250    873813.33
     395.000     0.999999     49155260   1048576.00
     398.000     0.999999     49155265   1165084.44
     402.000     0.999999     49155269   1310720.00
     407.000     0.999999     49155274   1497965.71
     412.000     0.999999     49155278   1747626.67
     417.000     1.000000     49155283   2097152.00
     420.000     1.000000     49155285   2330168.89
     426.000     1.000000     49155290   2621440.00
     426.000     1.000000     49155290   2995931.43
     428.000     1.000000     49155294   3495253.33
     433.000     1.000000     49155295   4194304.00
     440.000     1.000000     49155297   4660337.78
     440.000     1.000000     49155297   5242880.00
     444.000     1.000000     49155298   5991862.86
     448.000     1.000000     49155299   6990506.67
     459.000     1.000000     49155301   8388608.00
     459.000     1.000000     49155301   9320675.55
     460.000     1.000000     49155302  10485760.00
     460.000     1.000000     49155302  11983725.71
     462.000     1.000000     49155303  13981013.34
     476.000     1.000000     49155304  16777216.00
     476.000     1.000000     49155304  18641351.10
     476.000     1.000000     49155304  20971519.98
     476.000     1.000000     49155304  23967451.45
     484.000     1.000000     49155305  27962026.68
     484.000     1.000000     49155305  33554432.00
     484.000     1.000000     49155305  37282702.28
     484.000     1.000000     49155305  41943039.96
     484.000     1.000000     49155305  47934902.91
     629.000     1.000000     49155306  55924053.19
     629.000     1.000000     49155306          inf
#[Mean    =        6.109, StdDeviation   =       15.408]
#[Max     =      629.000, Total count    =     49155306]
#[Buckets =           22, SubBuckets     =         2048]
reset:: start ...
reset:: A ...
reset:: Q ...
reset:: B ...
reset:: S ...
reset:: instruments ...
reset histogram ...
{
    "abls": [],
    "frame_number": 5120000,
    "injection_name": "Bernoulli",
    "injection_option": 0,
    "loads": [
        0.6
    ],
    "logging_file": "../logging/default_logging.txt",
    "model_name": "",
    "model_option": 2,
    "name": "Simulator",
    "port_number": 16,
    "type": 0
}
{
    "VOQs": [
        [
            0,
            0,
            0,
            0,
            0,
            0,
            0,
            0,
            0,
            0,
            0,
            0,
            0,
            0,
            0,
            0
        ],
        [
            0,
            0,
            0,
            0,
            0,
            0,
            0,
            0,
            0,
            0,
            0,
            0,
            0,
            0,
            0,
            0
        ],
        [
            0,
            0,
            0,
            0,
            0,
            0,
            0,
            0,
            0,
            0,
            0,
            0,
            0,
            0,
            0,
            0
        ],
        [
            0,
            0,
            0,
            0,
            0,
            0,
            0,
            0,
            0,
            0,
            0,
            0,
            0,
            0,
            0,
            0
        ],
        [
            0,
            0,
            0,
            0,
            0,
            0,
            0,
            0,
            0,
            0,
            0,
            0,
            0,
            0,
            0,
            0
        ],
        [
            0,
            0,
            0,
            0,
            0,
            0,
            0,
            0,
            0,
            0,
            0,
            0,
            0,
            0,
            0,
            0
        ],
        [
            0,
            0,
            0,
            0,
            0,
            0,
            0,
            0,
            0,
            0,
            0,
            0,
            0,
            0,
            0,
            0
        ],
        [
            0,
            0,
            0,
            0,
            0,
            0,
            0,
            0,
            0,
            0,
            0,
            0,
            0,
            0,
            0,
            0
        ],
        [
            0,
            0,
            0,
            0,
            0,
            0,
            0,
            0,
            0,
            0,
            0,
            0,
            0,
            0,
            0,
            0
        ],
        [
            0,
            0,
            0,
            0,
            0,
            0,
            0,
            0,
            0,
            0,
            0,
            0,
            0,
            0,
            0,
            0
        ],
        [
            0,
            0,
            0,
            0,
            0,
            0,
            0,
            0,
            0,
            0,
            0,
            0,
            0,
            0,
            0,
            0
        ],
        [
            0,
            0,
            0,
            0,
            0,
            0,
            0,
            0,
            0,
            0,
            0,
            0,
            0,
            0,
            0,
            0
        ],
        [
            0,
            0,
            0,
            0,
            0,
            0,
            0,
            0,
            0,
            0,
            0,
            0,
            0,
            0,
            0,
            0
        ],
        [
            0,
            0,
            0,
            0,
            0,
            0,
            0,
            0,
            0,
            0,
            0,
            0,
            0,
            0,
            0,
            0
        ],
        [
            0,
            0,
            0,
            0,
            0,
            0,
            0,
            0,
            0,
            0,
            0,
            0,
            0,
            0,
            0,
            0
        ],
        [
            0,
            0,
            0,
            0,
            0,
            0,
            0,
            0,
            0,
            0,
            0,
            0,
            0,
            0,
            0,
            0
        ]
    ],
    "arrivals": [
        -1,
        -1,
        -1,
        -1,
        -1,
        -1,
        -1,
        -1,
        -1,
        -1,
        -1,
        -1,
        -1,
        -1,
        -1,
        -1
    ],
    "current_time": 5119999,
    "schedule": [
        0,
        1,
        2,
        3,
        4,
        5,
        6,
        7,
        8,
        9,
        10,
        11,
        12,
        13,
        14,
        15
    ]
}
{
    "arrivals": 0.0,
    "delay_counter": 0.0,
    "departures": 0.0,
    "max_delay": 0,
    "mean_delay": 0.0,
    "sum_delay": 0.0
}
       Value   Percentile   TotalCount 1/(1-Percentile)

       0.000     1.000000            0          inf
#[Mean    =         -nan, StdDeviation   =         -nan]
#[Max     =        0.000, Total count    =            0]
#[Buckets =           22, SubBuckets     =         2048]
#Load Traffic-Mode Throughput  Mean-Delay      Max-Delay   Mean-Delay-HDR  Max-Delay-HDR Delay-STD-HDR  P90-Delay   P95-Delay   P99-Delay   
0.60  2            0.9999      12.3986         476         12.3986         476           25.5814        42          67          122         
0.60  2            1.0000      12.3783         476         12.3783         476           25.5353        42          67          122         
0.60  2            1.0000      12.3969         476         12.3969         476           25.5556        42          67          122         
0.60  2            1.0000      12.4042         476         12.4042         476           25.5553        42          67          122         
0.60  2            1.0000      12.4166         476         12.4166         476           25.5762        42          67          122         
0.60  2            1.0000      12.4081         476         12.4081         476           25.5646        42          67          122         
0.60  2            1.0000      12.4050         476         12.4050         476           25.5542        42          67          122         
0.60  2            1.0000      12.4060         476         12.4060         476           25.5533        42          67          122         
0.60  2            1.0000      12.4071         476         12.4071         476           25.5542        42          67          122         
0.60  2            1.0000      12.4130         476         12.4130         476           25.5580        42          67          122         
0.60  2            1.0000      12.4132         476         12.4132         476           25.5605        42          67          122         
0.60  2            1.0000      12.4123         580         12.4123         580           25.5615        42          67          122         
0.60  2            1.0000      12.4163         580         12.4163         580           25.5691        42          67          122         
0.60  2            1.0000      12.4164         580         12.4164         580           25.5654        42          67          122         
0.60  2            1.0000      12.4164         580         12.4164         580           25.5680        42          67          122         
0.60  2            1.0000      12.4218         580         12.4218         580           25.5762        42          67          122         
0.60  2            1.0000      12.4200         580         12.4200         580           25.5792        42          67          122         
0.60  2            1.0000      12.4182         580         12.4182         580           25.5783        42          67          122         
0.60  2            1.0000      12.4167         580         12.4167         580           25.5782        42          67          122         
0.60  2            1.0000      12.4208         580         12.4208         580           25.5848        42          67          122         
0.60  2            1.0000      12.4183         580         12.4183         580           25.5815        42          67          122         
0.60  2            1.0000      12.4201         580         12.4201         580           25.5854        42          67          122         
0.60  2            1.0000      12.4167         580         12.4167         580           25.5836        42          67          122         
0.60  2            1.0000      12.4171         580         12.4171         580           25.5811        42          67          122         
0.60  2            1.0000      12.4159         580         12.4159         580           25.5772        42          67          122         
0.60  2            1.0000      12.4155         580         12.4155         580           25.5792        42          67          122         
0.60  2            1.0000      12.4152         580         12.4152         580           25.5810        42          67          122         
0.60  2            1.0000      12.4104         580         12.4104         580           25.5737        42          67          122         
0.60  2            1.0000      12.4093         580         12.4093         580           25.5730        42          67          122         
0.60  2            1.0000      12.4103         580         12.4103         580           25.5759        42          67          122         
0.60  2            1.0000      12.4097         580         12.4097         580           25.5730        42          67          122         
0.60  2            1.0000      12.4096         580         12.4096         580           25.5733        42          67          122         
       Value   Percentile   TotalCount 1/(1-Percentile)

       1.000     0.000000     18830856         1.00
       1.000     0.100000     18830856         1.11
       1.000     0.200000     18830856         1.25
       1.000     0.300000     18830856         1.43
       2.000     0.400000     24571034         1.67
       3.000     0.500000     28032989         2.00
       3.000     0.550000     28032989         2.22
       4.000     0.600000     30431331         2.50
       5.000     0.650000     32154877         2.86
       8.000     0.700000     35163271         3.33
      12.000     0.750000     37240139         4.00
      15.000     0.775000     38355064         4.44
      19.000     0.800000     39598666         5.00
      23.000     0.825000     40662274         5.71
      28.000     0.850000     41800550         6.67
      35.000     0.875000     43117127         8.00
      39.000     0.887500     43754459         8.89
      43.000     0.900000     44321943        10.00
      48.000     0.912500     44947233        11.43
      53.000     0.925000     45490732        13.33
      60.000     0.937500     46138073        16.00
      64.000     0.943750     46456827        17.78
      68.000     0.950000     46742739        20.00
      72.000     0.956250     46998740        22.86
      78.000     0.962500     47335205        26.67
      84.000     0.968750     47621168        32.00
      88.000     0.971875     47786705        35.56
      92.000     0.975000     47934929        40.00
      97.000     0.978125     48098859        45.71
     102.000     0.981250     48241730        53.33
     108.000     0.984375     48387127        64.00
     112.000     0.985938     48471678        71.11
     116.000     0.987500     48547203        80.00
     120.000     0.989062     48614255        91.43
     125.000     0.990625     48688132       106.67
     131.000     0.992188     48763471       128.00
     135.000     0.992969     48807107       142.22
     139.000     0.993750     48845682       160.00
     143.000     0.994531     48880066       182.86
     148.000     0.995313     48917519       213.33
     154.000     0.996094     48956026       256.00
     158.000     0.996484     48977888       284.44
     161.000     0.996875     48992595       320.00
     166.000     0.997266     49014511       365.71
     171.000     0.997656     49033391       426.67
     177.000     0.998047     49052409       512.00
     180.000     0.998242     49060613       568.89
     184.000     0.998437     49070557       640.00
     188.000     0.998633     49079360       731.43
     193.000     0.998828     49089020       853.33
     199.000     0.999023     49098856      1024.00
     202.000     0.999121     49103010      1137.78
     206.000     0.999219     49108049      1280.00
     210.000     0.999316     49112505      1462.86
     215.000     0.999414     49117412      1706.67
     221.000     0.999512     49122161      2048.00
     224.000     0.999561     49124296      2275.56
     228.000     0.999609     49126860      2560.00
     232.000     0.999658     49129139      2925.71
     237.000     0.999707     49131697      3413.33
     242.000     0.999756     49133733      4096.00
     246.000     0.999780     49135187      4551.11
     249.000     0.999805     49136133      5120.00
     254.000     0.999829     49137591      5851.43
     258.000     0.999854     49138572      6826.67
     264.000     0.999878     49139822      8192.00
     267.000     0.999890     49140329      9102.22
     271.000     0.999902     49141026     10240.00
     275.000     0.999915     49141610     11702.86
     280.000     0.999927     49142204     13653.33
     285.000     0.999939     49142739     16384.00
     288.000     0.999945     49143021     18204.44
     292.000     0.999951     49143323     20480.00
     297.000     0.999957     49143667     23405.71
     302.000     0.999963     49143958     27306.67
     308.000     0.999969     49144250     32768.00
     311.000     0.999973     49144385     36408.89
     315.000     0.999976     49144541     40960.00
     319.000     0.999979     49144697     46811.43
     323.000     0.999982     49144820     54613.33
     329.000     0.999985     49144985     65536.00
     332.000     0.999986     49145051     72817.78
     336.000     0.999988     49145138     81920.00
     339.000     0.999989     49145190     93622.86
     344.000     0.999991     49145274    109226.67
     349.000     0.999992     49145341    131072.00
     352.000     0.999993     49145380    145635.56
     356.000     0.999994     49145420    163840.00
     359.000     0.999995     49145451    187245.71
     363.000     0.999995     49145491    218453.33
     369.000     0.999996     49145526    262144.00
     372.000     0.999997     49145547    291271.11
     376.000     0.999997     49145566    327680.00
     378.000     0.999997     49145582    374491.43
     382.000     0.999998     49145603    436906.67
     386.000     0.999998     49145620    524288.00
     388.000     0.999998     49145629    582542.22
     391.000     0.999998     49145639    655360.00
     394.000     0.999999     49145647    748982.86
     397.000     0.999999     49145656    873813.33
     406.000     0.999999     49145667   1048576.00
     407.000     0.999999     49145670   1165084.44
     411.000     0.999999     49145677   1310720.00
     412.000     0.999999     49145681   1497965.71
     414.000     0.999999     49145685   1747626.67
     416.000     1.000000     49145689   2097152.00
     417.000     1.000000     49145691   2330168.89
     426.000     1.000000     49145695   2621440.00
     430.000     1.000000     49145697   2995931.43
     440.000     1.000000     49145698   3495253.33
     447.000     1.000000     49145701   4194304.00
     458.000     1.000000     49145703   4660337.78
     458.000     1.000000     49145703   5242880.00
     465.000     1.000000     49145704   5991862.86
     466.000     1.000000     49145705   6990506.67
     475.000     1.000000     49145707   8388608.00
     475.000     1.000000     49145707   9320675.55
     477.000     1.000000     49145708  10485760.00
     477.000     1.000000     49145708  11983725.71
     482.000     1.000000     49145709  13981013.34
     495.000     1.000000     49145710  16777216.00
     495.000     1.000000     49145710  18641351.10
     495.000     1.000000     49145710  20971519.98
     495.000     1.000000     49145710  23967451.45
     520.000     1.000000     49145711  27962026.68
     520.000     1.000000     49145711  33554432.00
     520.000     1.000000     49145711  37282702.28
     520.000     1.000000     49145711  41943039.96
     520.000     1.000000     49145711  47934902.91
     581.000     1.000000     49145712  55924053.19
     581.000     1.000000     49145712          inf
#[Mean    =       13.410, StdDeviation   =       25.573]
#[Max     =      581.000, Total count    =     49145712]
#[Buckets =           22, SubBuckets     =         2048]
reset:: start ...
reset:: A ...
reset:: Q ...
reset:: B ...
reset:: S ...
reset:: instruments ...
reset histogram ...
{
    "abls": [],
    "frame_number": 5120000,
    "injection_name": "Bernoulli",
    "injection_option": 0,
    "loads": [
        0.6
    ],
    "logging_file": "../logging/default_logging.txt",
    "model_name": "",
    "model_option": 3,
    "name": "Simulator",
    "port_number": 16,
    "type": 0
}
{
    "VOQs": [
        [
            0,
            0,
            0,
            0,
            0,
            0,
            0,
            0,
            0,
            0,
            0,
            0,
            0,
            0,
            0,
            0
        ],
        [
            0,
            0,
            0,
            0,
            0,
            0,
            0,
            0,
            0,
            0,
            0,
            0,
            0,
            0,
            0,
            0
        ],
        [
            0,
            0,
            0,
            0,
            0,
            0,
            0,
            0,
            0,
            0,
            0,
            0,
            0,
            0,
            0,
            0
        ],
        [
            0,
            0,
            0,
            0,
            0,
            0,
            0,
            0,
            0,
            0,
            0,
            0,
            0,
            0,
            0,
            0
        ],
        [
            0,
            0,
            0,
            0,
            0,
            0,
            0,
            0,
            0,
            0,
            0,
            0,
            0,
            0,
            0,
            0
        ],
        [
            0,
            0,
            0,
            0,
            0,
            0,
            0,
            0,
            0,
            0,
            0,
            0,
            0,
            0,
            0,
            0
        ],
        [
            0,
            0,
            0,
            0,
            0,
            0,
            0,
            0,
            0,
            0,
            0,
            0,
            0,
            0,
            0,
            0
        ],
        [
            0,
            0,
            0,
            0,
            0,
            0,
            0,
            0,
            0,
            0,
            0,
            0,
            0,
            0,
            0,
            0
        ],
        [
            0,
            0,
            0,
            0,
            0,
            0,
            0,
            0,
            0,
            0,
            0,
            0,
            0,
            0,
            0,
            0
        ],
        [
            0,
            0,
            0,
            0,
            0,
            0,
            0,
            0,
            0,
            0,
            0,
            0,
            0,
            0,
            0,
            0
        ],
        [
            0,
            0,
            0,
            0,
            0,
            0,
            0,
            0,
            0,
            0,
            0,
            0,
            0,
            0,
            0,
            0
        ],
        [
            0,
            0,
            0,
            0,
            0,
            0,
            0,
            0,
            0,
            0,
            0,
            0,
            0,
            0,
            0,
            0
        ],
        [
            0,
            0,
            0,
            0,
            0,
            0,
            0,
            0,
            0,
            0,
            0,
            0,
            0,
            0,
            0,
            0
        ],
        [
            0,
            0,
            0,
            0,
            0,
            0,
            0,
            0,
            0,
            0,
            0,
            0,
            0,
            0,
            0,
            0
        ],
        [
            0,
            0,
            0,
            0,
            0,
            0,
            0,
            0,
            0,
            0,
            0,
            0,
            0,
            0,
            0,
            0
        ],
        [
            0,
            0,
            0,
            0,
            0,
            0,
            0,
            0,
            0,
            0,
            0,
            0,
            0,
            0,
            0,
            0
        ]
    ],
    "arrivals": [
        -1,
        -1,
        -1,
        -1,
        -1,
        -1,
        -1,
        -1,
        -1,
        -1,
        -1,
        -1,
        -1,
        -1,
        -1,
        -1
    ],
    "current_time": 5119999,
    "schedule": [
        0,
        1,
        2,
        3,
        4,
        5,
        6,
        7,
        8,
        9,
        10,
        11,
        12,
        13,
        14,
        15
    ]
}
{
    "arrivals": 0.0,
    "delay_counter": 0.0,
    "departures": 0.0,
    "max_delay": 0,
    "mean_delay": 0.0,
    "sum_delay": 0.0
}
       Value   Percentile   TotalCount 1/(1-Percentile)

       0.000     1.000000            0          inf
#[Mean    =         -nan, StdDeviation   =         -nan]
#[Max     =        0.000, Total count    =            0]
#[Buckets =           22, SubBuckets     =         2048]
#Load Traffic-Mode Throughput  Mean-Delay      Max-Delay   Mean-Delay-HDR  Max-Delay-HDR Delay-STD-HDR  P90-Delay   P95-Delay   P99-Delay   
0.60  3            1.0000      1.0256          67          1.0256          67            2.5966         3           5           13          
0.60  3            1.0000      1.0260          67          1.0260          67            2.5941         3           5           13          
0.60  3            1.0000      1.0251          67          1.0251          67            2.5989         3           5           13          
0.60  3            1.0000      1.0239          72          1.0239          72            2.5957         3           5           13          
0.60  3            1.0000      1.0233          72          1.0233          72            2.5922         3           5           13          
0.60  3            1.0000      1.0233          79          1.0233          79            2.5909         3           5           13          
0.60  3            1.0000      1.0230          79          1.0230          79            2.5894         3           5           13          
0.60  3            1.0000      1.0231          79          1.0231          79            2.5907         3           5           13          
0.60  3            1.0000      1.0233          81          1.0233          81            2.5905         3           5           13          
0.60  3            1.0000      1.0228          81          1.0228          81            2.5893         3           5           13          
0.60  3            1.0000      1.0225          81          1.0225          81            2.5899         3           5           13          
0.60  3            1.0000      1.0227          81          1.0227          81            2.5903         3           5           13          
0.60  3            1.0000      1.0231          81          1.0231          81            2.5925         3           5           13          
0.60  3            1.0000      1.0231          81          1.0231          81            2.5931         3           5           13          
0.60  3            1.0000      1.0225          81          1.0225          81            2.5904         3           5           13          
0.60  3            1.0000      1.0221          81          1.0221          81            2.5888         3           5           13          
0.60  3            1.0000      1.0217          81          1.0217          81            2.5875         3           5           13          
0.60  3            1.0000      1.0217          81          1.0217          81            2.5872         3           5           13          
0.60  3            1.0000      1.0220          81          1.0220          81            2.5888         3           5           13          
0.60  3            1.0000      1.0223          81          1.0223          81            2.5899         3           5           13          
0.60  3            1.0000      1.0223          81          1.0223          81            2.5903         3           5           13          
0.60  3            1.0000      1.0225          81          1.0225          81            2.5906         3           5           13          
0.60  3            1.0000      1.0226          81          1.0226          81            2.5910         3           5           13          
0.60  3            1.0000      1.0232          81          1.0232          81            2.5919         3           5           13          
0.60  3            1.0000      1.0230          81          1.0230          81            2.5906         3           5           13          
0.60  3            1.0000      1.0230          81          1.0230          81            2.5901         3           5           13          
0.60  3            1.0000      1.0233          81          1.0233          81            2.5906         3           5           13          
0.60  3            1.0000      1.0231          81          1.0231          81            2.5898         3           5           13          
0.60  3            1.0000      1.0229          81          1.0229          81            2.5895         3           5           13          
0.60  3            1.0000      1.0231          90          1.0231          90            2.5902         3           5           13          
0.60  3            1.0000      1.0231          95          1.0231          95            2.5909         3           5           13          
0.60  3            1.0000      1.0232          95          1.0232          95            2.5914         3           5           13          
       Value   Percentile   TotalCount 1/(1-Percentile)

       1.000     0.000000     31516482         1.00
       1.000     0.100000     31516482         1.11
       1.000     0.200000     31516482         1.25
       1.000     0.300000     31516482         1.43
       1.000     0.400000     31516482         1.67
       1.000     0.500000     31516482         2.00
       1.000     0.550000     31516482         2.22
       1.000     0.600000     31516482         2.50
       2.000     0.650000     40213997         2.86
       2.000     0.700000     40213997         3.33
       2.000     0.750000     40213997         4.00
       2.000     0.775000     40213997         4.44
       2.000     0.800000     40213997         5.00
       3.000     0.825000     43861458         5.71
       3.000     0.850000     43861458         6.67
       3.000     0.875000     43861458         8.00
       3.000     0.887500     43861458         8.89
       4.000     0.900000     45588143        10.00
       4.000     0.912500     45588143        11.43
       4.000     0.925000     45588143        13.33
       5.000     0.937500     46510945        16.00
       5.000     0.943750     46510945        17.78
       6.000     0.950000     47080842        20.00
       6.000     0.956250     47080842        22.86
       7.000     0.962500     47478297        26.67
       8.000     0.968750     47779405        32.00
       8.000     0.971875     47779405        35.56
       9.000     0.975000     48016020        40.00
      10.000     0.978125     48207718        45.71
      11.000     0.981250     48364008        53.33
      12.000     0.984375     48492864        64.00
      12.000     0.985938     48492864        71.11
      13.000     0.987500     48599853        80.00
      14.000     0.989062     48688479        91.43
      15.000     0.990625     48762287       106.67
      16.000     0.992188     48823968       128.00
      16.000     0.992969     48823968       142.22
      17.000     0.993750     48875081       160.00
      18.000     0.994531     48918199       182.86
      19.000     0.995313     48954871       213.33
      20.000     0.996094     48985270       256.00
      20.000     0.996484     48985270       284.44
      21.000     0.996875     49011028       320.00
      22.000     0.997266     49032821       365.71
      23.000     0.997656     49051345       426.67
      24.000     0.998047     49066925       512.00
      25.000     0.998242     49080287       568.89
      25.000     0.998437     49080287       640.00
      26.000     0.998633     49091578       731.43
      27.000     0.998828     49101184       853.33
      28.000     0.999023     49109391      1024.00
      29.000     0.999121     49116246      1137.78
      29.000     0.999219     49116246      1280.00
      30.000     0.999316     49122137      1462.86
      31.000     0.999414     49127103      1706.67
      32.000     0.999512     49131464      2048.00
      33.000     0.999561     49135056      2275.56
      33.000     0.999609     49135056      2560.00
      34.000     0.999658     49138040      2925.71
      35.000     0.999707     49140643      3413.33
      36.000     0.999756     49142778      4096.00
      37.000     0.999780     49144545      4551.11
      37.000     0.999805     49144545      5120.00
      38.000     0.999829     49146049      5851.43
      39.000     0.999854     49147316      6826.67
      40.000     0.999878     49148392      8192.00
      41.000     0.999890     49149311      9102.22
      41.000     0.999902     49149311     10240.00
      42.000     0.999915     49150100     11702.86
      43.000     0.999927     49150750     13653.33
      44.000     0.999939     49151250     16384.00
      45.000     0.999945     49151744     18204.44
      45.000     0.999951     49151744     20480.00
      46.000     0.999957     49152120     23405.71
      47.000     0.999963     49152445     27306.67
      48.000     0.999969     49152702     32768.00
      49.000     0.999973     49152904     36408.89
      50.000     0.999976     49153093     40960.00
      50.000     0.999979     49153093     46811.43
      51.000     0.999982     49153248     54613.33
      52.000     0.999985     49153382     65536.00
      53.000     0.999986     49153513     72817.78
      53.000     0.999988     49153513     81920.00
      54.000     0.999989     49153600     93622.86
      55.000     0.999991     49153675    109226.67
      56.000     0.999992     49153740    131072.00
      57.000     0.999993     49153788    145635.56
      58.000     0.999994     49153840    163840.00
      59.000     0.999995     49153875    187245.71
      60.000     0.999995     49153909    218453.33
      61.000     0.999996     49153946    262144.00
      61.000     0.999997     49153946    291271.11
      62.000     0.999997     49153975    327680.00
      63.000     0.999997     49153992    374491.43
      64.000     0.999998     49154015    436906.67
      65.000     0.999998     49154035    524288.00
      65.000     0.999998     49154035    582542.22
      65.000     0.999998     49154035    655360.00
      67.000     0.999999     49154054    748982.86
      67.000     0.999999     49154054    873813.33
      68.000     0.999999     49154068   1048576.00
      68.000     0.999999     49154068   1165084.44
      69.000     0.999999     49154073   1310720.00
      70.000     0.999999     49154081   1497965.71
      71.000     0.999999     49154084   1747626.67
      72.000     1.000000     49154087   2097152.00
      73.000     1.000000     49154092   2330168.89
      73.000     1.000000     49154092   2621440.00
      74.000     1.000000     49154094   2995931.43
      75.000     1.000000     49154096   3495253.33
      78.000     1.000000     49154099   4194304.00
      79.000     1.000000     49154100   4660337.78
      80.000     1.000000     49154103   5242880.00
      80.000     1.000000     49154103   5991862.86
      80.000     1.000000     49154103   6990506.67
      82.000     1.000000     49154106   8388608.00
      82.000     1.000000     49154106   9320675.55
      82.000     1.000000     49154106  10485760.00
      82.000     1.000000     49154106  11983725.71
      84.000     1.000000     49154107  13981013.34
      89.000     1.000000     49154108  16777216.00
      89.000     1.000000     49154108  18641351.10
      89.000     1.000000     49154108  20971519.98
      89.000     1.000000     49154108  23967451.45
      91.000     1.000000     49154109  27962026.68
      91.000     1.000000     49154109  33554432.00
      91.000     1.000000     49154109  37282702.28
      91.000     1.000000     49154109  41943039.96
      91.000     1.000000     49154109  47934902.91
      96.000     1.000000     49154110  55924053.19
      96.000     1.000000     49154110          inf
#[Mean    =        2.023, StdDeviation   =        2.591]
#[Max     =       96.000, Total count    =     49154110]
#[Buckets =           22, SubBuckets     =         2048]
reset:: start ...
reset:: A ...
reset:: Q ...
reset:: B ...
reset:: S ...
reset:: instruments ...
reset histogram ...
