Get seed: 306382601
{
    "abls": [],
    "frame_number": 1280000,
    "injection_name": "Bernoulli",
    "injection_option": 0,
    "loads": [
        0.6
    ],
    "logging_file": "../logging/default_logging.txt",
    "model_name": "",
    "model_option": 0,
    "name": "Simulator",
    "port_number": 8,
    "type": 0
}
{
    "VOQs": [
        [
            0,
            0,
            0,
            0,
            0,
            0,
            0,
            0
        ],
        [
            0,
            0,
            0,
            0,
            0,
            0,
            0,
            0
        ],
        [
            0,
            0,
            0,
            0,
            0,
            0,
            0,
            0
        ],
        [
            0,
            0,
            0,
            0,
            0,
            0,
            0,
            0
        ],
        [
            0,
            0,
            0,
            0,
            0,
            0,
            0,
            0
        ],
        [
            0,
            0,
            0,
            0,
            0,
            0,
            0,
            0
        ],
        [
            0,
            0,
            0,
            0,
            0,
            0,
            0,
            0
        ],
        [
            0,
            0,
            0,
            0,
            0,
            0,
            0,
            0
        ]
    ],
    "arrivals": [
        -1,
        -1,
        -1,
        -1,
        -1,
        -1,
        -1,
        -1
    ],
    "current_time": 0,
    "schedule": [
        0,
        1,
        2,
        3,
        4,
        5,
        6,
        7
    ]
}
{
    "arrivals": 0.0,
    "delay_counter": 0.0,
    "departures": 0.0,
    "max_delay": 0,
    "mean_delay": 0.0,
    "sum_delay": 0.0
}
       Value   Percentile   TotalCount 1/(1-Percentile)

       0.000     1.000000            0          inf
#[Mean    =         -nan, StdDeviation   =         -nan]
#[Max     =        0.000, Total count    =            0]
#[Buckets =           22, SubBuckets     =         2048]
#Load Traffic-Mode Throughput  Mean-Delay      Max-Delay   Mean-Delay-HDR  Max-Delay-HDR Delay-STD-HDR  P90-Delay   P95-Delay   P99-Delay   
0.60  0            0.9998      7.0659          174         7.0659          174           11.7162        21          31          54          
0.60  0            0.9999      7.0761          174         7.0761          174           11.7139        21          31          55          
0.60  0            0.9999      7.0854          174         7.0854          174           11.7254        21          31          55          
0.60  0            0.9999      7.0806          174         7.0806          174           11.6995        21          31          55          
0.60  0            1.0000      7.0929          174         7.0929          174           11.6947        21          31          54          
0.60  0            1.0000      7.0669          174         7.0669          174           11.6553        21          31          54          
0.60  0            1.0000      7.0803          174         7.0803          174           11.6761        21          31          54          
0.60  0            1.0000      7.0856          174         7.0856          174           11.6884        21          31          54          
0.60  0            1.0000      7.0898          177         7.0898          177           11.6951        21          31          54          
0.60  0            1.0000      7.0914          177         7.0914          177           11.6923        21          31          54          
0.60  0            1.0000      7.0883          177         7.0883          177           11.6906        21          31          54          
0.60  0            1.0000      7.0925          177         7.0925          177           11.6929        21          31          54          
0.60  0            1.0000      7.0964          177         7.0964          177           11.7012        21          31          54          
0.60  0            1.0000      7.0945          190         7.0945          190           11.6940        21          31          54          
0.60  0            1.0000      7.0924          190         7.0924          190           11.6949        21          31          54          
0.60  0            1.0000      7.0961          190         7.0961          190           11.7015        21          31          54          
0.60  0            1.0000      7.0985          190         7.0985          190           11.7031        21          31          54          
0.60  0            1.0000      7.0964          198         7.0964          198           11.7012        21          31          54          
0.60  0            1.0000      7.0896          198         7.0896          198           11.6902        21          31          54          
0.60  0            1.0000      7.0895          198         7.0895          198           11.6870        21          31          54          
0.60  0            1.0000      7.0846          198         7.0846          198           11.6793        21          31          54          
0.60  0            1.0000      7.0869          198         7.0869          198           11.6825        21          31          54          
0.60  0            1.0000      7.0826          198         7.0826          198           11.6765        21          31          54          
0.60  0            1.0000      7.0864          198         7.0864          198           11.6770        21          31          54          
0.60  0            1.0000      7.0852          198         7.0852          198           11.6797        21          31          54          
0.60  0            1.0000      7.0847          198         7.0847          198           11.6783        21          31          54          
0.60  0            1.0000      7.0853          198         7.0853          198           11.6802        21          31          54          
0.60  0            1.0000      7.0889          198         7.0889          198           11.6843        21          31          54          
0.60  0            1.0000      7.0912          198         7.0912          198           11.6881        21          31          54          
0.60  0            1.0000      7.0936          198         7.0936          198           11.6925        21          31          54          
0.60  0            1.0000      7.0947          198         7.0947          198           11.6923        21          31          54          
0.60  0            1.0000      7.0933          198         7.0933          198           11.6878        21          31          54          
       Value   Percentile   TotalCount 1/(1-Percentile)

       1.000     0.000000      2385170         1.00
       1.000     0.100000      2385170         1.11
       1.000     0.200000      2385170         1.25
       1.000     0.300000      2385170         1.43
       2.000     0.400000      2926097         1.67
       3.000     0.500000      3252690         2.00
       4.000     0.550000      3526773         2.22
       5.000     0.600000      3767061         2.50
       7.000     0.650000      4168452         2.86
       8.000     0.700000      4336806         3.33
      10.000     0.750000      4622098         4.00
      12.000     0.775000      4854087         4.44
      13.000     0.800000      4954089         5.00
      15.000     0.825000      5127376         5.71
      17.000     0.850000      5272387         6.67
      19.000     0.875000      5393818         8.00
      21.000     0.887500      5496719         8.89
      22.000     0.900000      5542151        10.00
      24.000     0.912500      5622549        11.43
      26.000     0.925000      5691839        13.33
      29.000     0.937500      5778045        16.00
      30.000     0.943750      5802629        17.78
      32.000     0.950000      5847156        20.00
      34.000     0.956250      5885176        22.86
      36.000     0.962500      5918431        26.67
      39.000     0.968750      5960491        32.00
      40.000     0.971875      5972586        35.56
      42.000     0.975000      5994485        40.00
      44.000     0.978125      6013345        45.71
      46.000     0.981250      6029815        53.33
      49.000     0.984375      6050958        64.00
      50.000     0.985938      6056964        71.11
      52.000     0.987500      6067981        80.00
      54.000     0.989062      6077448        91.43
      56.000     0.990625      6085851       106.67
      59.000     0.992188      6096341       128.00
      61.000     0.992969      6102350       142.22
      62.000     0.993750      6105046       160.00
      64.000     0.994531      6109846       182.86
      66.000     0.995313      6114094       213.33
      69.000     0.996094      6119500       256.00
      71.000     0.996484      6122470       284.44
      72.000     0.996875      6123841       320.00
      74.000     0.997266      6126239       365.71
      76.000     0.997656      6128380       426.67
      79.000     0.998047      6131062       512.00
      81.000     0.998242      6132508       568.89
      82.000     0.998437      6133229       640.00
      84.000     0.998633      6134455       731.43
      87.000     0.998828      6136003       853.33
      89.000     0.999023      6136882      1024.00
      91.000     0.999121      6137610      1137.78
      93.000     0.999219      6138280      1280.00
      94.000     0.999316      6138602      1462.86
      97.000     0.999414      6139372      1706.67
      99.000     0.999512      6139803      2048.00
     101.000     0.999561      6140165      2275.56
     103.000     0.999609      6140482      2560.00
     105.000     0.999658      6140767      2925.71
     107.000     0.999707      6141020      3413.33
     110.000     0.999756      6141339      4096.00
     111.000     0.999780      6141441      4551.11
     113.000     0.999805      6141604      5120.00
     115.000     0.999829      6141751      5851.43
     117.000     0.999854      6141891      6826.67
     120.000     0.999878      6142044      8192.00
     121.000     0.999890      6142088      9102.22
     123.000     0.999902      6142167     10240.00
     125.000     0.999915      6142251     11702.86
     127.000     0.999927      6142313     13653.33
     130.000     0.999939      6142406     16384.00
     131.000     0.999945      6142425     18204.44
     133.000     0.999951      6142466     20480.00
     135.000     0.999957      6142500     23405.71
     138.000     0.999963      6142546     27306.67
     140.000     0.999969      6142577     32768.00
     142.000     0.999973      6142593     36408.89
     143.000     0.999976      6142612     40960.00
     145.000     0.999979      6142633     46811.43
     147.000     0.999982      6142652     54613.33
     150.000     0.999985      6142673     65536.00
     151.000     0.999986      6142679     72817.78
     153.000     0.999988      6142694     81920.00
     154.000     0.999989      6142699     93622.86
     156.000     0.999991      6142705    109226.67
     160.000     0.999992      6142718    131072.00
     161.000     0.999993      6142721    145635.56
     162.000     0.999994      6142725    163840.00
     163.000     0.999995      6142732    187245.71
     164.000     0.999995      6142735    218453.33
     166.000     0.999996      6142739    262144.00
     167.000     0.999997      6142742    291271.11
     168.000     0.999997      6142743    327680.00
     169.000     0.999997      6142745    374491.43
     172.000     0.999998      6142747    436906.67
     173.000     0.999998      6142750    524288.00
     174.000     0.999998      6142753    582542.22
     174.000     0.999998      6142753    655360.00
     174.000     0.999999      6142753    748982.86
     175.000     0.999999      6142756    873813.33
     175.000     0.999999      6142756   1048576.00
     175.000     0.999999      6142756   1165084.44
     176.000     0.999999      6142757   1310720.00
     176.000     0.999999      6142757   1497965.71
     178.000     0.999999      6142758   1747626.67
     183.000     1.000000      6142759   2097152.00
     183.000     1.000000      6142759   2330168.89
     183.000     1.000000      6142759   2621440.00
     183.000     1.000000      6142759   2995931.43
     191.000     1.000000      6142760   3495253.33
     191.000     1.000000      6142760   4194304.00
     191.000     1.000000      6142760   4660337.78
     191.000     1.000000      6142760   5242880.00
     191.000     1.000000      6142760   5991862.86
     199.000     1.000000      6142761   6990506.67
     199.000     1.000000      6142761          inf
#[Mean    =        8.093, StdDeviation   =       11.688]
#[Max     =      199.000, Total count    =      6142761]
#[Buckets =           22, SubBuckets     =         2048]
reset:: start ...
reset:: A ...
reset:: Q ...
reset:: B ...
reset:: S ...
reset:: instruments ...
reset histogram ...
{
    "abls": [],
    "frame_number": 1280000,
    "injection_name": "Bernoulli",
    "injection_option": 0,
    "loads": [
        0.6
    ],
    "logging_file": "../logging/default_logging.txt",
    "model_name": "",
    "model_option": 1,
    "name": "Simulator",
    "port_number": 8,
    "type": 0
}
{
    "VOQs": [
        [
            0,
            0,
            0,
            0,
            0,
            0,
            0,
            0
        ],
        [
            0,
            0,
            0,
            0,
            0,
            0,
            0,
            0
        ],
        [
            0,
            0,
            0,
            0,
            0,
            0,
            0,
            0
        ],
        [
            0,
            0,
            0,
            0,
            0,
            0,
            0,
            0
        ],
        [
            0,
            0,
            0,
            0,
            0,
            0,
            0,
            0
        ],
        [
            0,
            0,
            0,
            0,
            0,
            0,
            0,
            0
        ],
        [
            0,
            0,
            0,
            0,
            0,
            0,
            0,
            0
        ],
        [
            0,
            0,
            0,
            0,
            0,
            0,
            0,
            0
        ]
    ],
    "arrivals": [
        -1,
        -1,
        -1,
        -1,
        -1,
        -1,
        -1,
        -1
    ],
    "current_time": 1279999,
    "schedule": [
        0,
        1,
        2,
        3,
        4,
        5,
        6,
        7
    ]
}
{
    "arrivals": 0.0,
    "delay_counter": 0.0,
    "departures": 0.0,
    "max_delay": 0,
    "mean_delay": 0.0,
    "sum_delay": 0.0
}
       Value   Percentile   TotalCount 1/(1-Percentile)

       0.000     1.000000            0          inf
#[Mean    =         -nan, StdDeviation   =         -nan]
#[Max     =        0.000, Total count    =            0]
#[Buckets =           22, SubBuckets     =         2048]
#Load Traffic-Mode Throughput  Mean-Delay      Max-Delay   Mean-Delay-HDR  Max-Delay-HDR Delay-STD-HDR  P90-Delay   P95-Delay   P99-Delay   
0.60  1            0.9999      3.5900          151         3.5900          151           8.3541         10          19          42          
0.60  1            1.0000      3.6065          183         3.6065          183           8.3837         10          19          42          
0.60  1            1.0000      3.5954          183         3.5954          183           8.3455         10          19          42          
0.60  1            1.0000      3.6000          183         3.6000          183           8.3437         10          19          42          
0.60  1            1.0000      3.6080          183         3.6080          183           8.3425         10          19          42          
0.60  1            1.0000      3.6039          183         3.6039          183           8.3260         10          19          42          
0.60  1            1.0000      3.6123          183         3.6123          183           8.3507         10          19          42          
0.60  1            1.0000      3.6014          183         3.6014          183           8.3176         10          19          42          
0.60  1            1.0000      3.6024          183         3.6024          183           8.3216         10          19          42          
0.60  1            1.0000      3.6023          183         3.6023          183           8.3299         10          19          42          
0.60  1            1.0000      3.6027          191         3.6027          191           8.3315         10          19          42          
0.60  1            1.0000      3.6016          191         3.6016          191           8.3314         10          19          42          
0.60  1            1.0000      3.6006          191         3.6006          191           8.3301         10          19          42          
0.60  1            1.0000      3.5986          191         3.5986          191           8.3364         10          19          42          
0.60  1            1.0000      3.5953          191         3.5953          191           8.3321         10          19          42          
0.60  1            1.0000      3.5908          191         3.5908          191           8.3175         10          19          42          
0.60  1            1.0000      3.5925          191         3.5925          191           8.3212         10          19          42          
0.60  1            1.0000      3.5923          191         3.5923          191           8.3193         10          19          42          
0.60  1            1.0000      3.5925          191         3.5925          191           8.3180         10          19          42          
0.60  1            1.0000      3.5931          191         3.5931          191           8.3202         10          19          42          
0.60  1            1.0000      3.5927          191         3.5927          191           8.3189         10          19          42          
0.60  1            1.0000      3.5912          191         3.5912          191           8.3149         10          19          42          
0.60  1            1.0000      3.5916          191         3.5916          191           8.3159         10          19          42          
0.60  1            1.0000      3.5925          191         3.5925          191           8.3211         10          19          42          
0.60  1            1.0000      3.5928          191         3.5928          191           8.3227         10          19          42          
0.60  1            1.0000      3.5914          191         3.5914          191           8.3169         10          19          42          
0.60  1            1.0000      3.5924          191         3.5924          191           8.3174         10          19          42          
0.60  1            1.0000      3.5927          191         3.5927          191           8.3178         10          19          42          
0.60  1            1.0000      3.5929          191         3.5929          191           8.3193         10          19          42          
0.60  1            1.0000      3.5930          191         3.5930          191           8.3201         10          19          42          
0.60  1            1.0000      3.5921          191         3.5921          191           8.3186         10          19          42          
0.60  1            1.0000      3.5918          191         3.5918          191           8.3180         10          19          42          
       Value   Percentile   TotalCount 1/(1-Percentile)

       1.000     0.000000      2970926         1.00
       1.000     0.100000      2970926         1.11
       1.000     0.200000      2970926         1.25
       1.000     0.300000      2970926         1.43
       1.000     0.400000      2970926         1.67
       2.000     0.500000      3893285         2.00
       2.000     0.550000      3893285         2.22
       2.000     0.600000      3893285         2.50
       3.000     0.650000      4412460         2.86
       3.000     0.700000      4412460         3.33
       4.000     0.750000      4749828         4.00
       5.000     0.775000      4980115         4.44
       5.000     0.800000      4980115         5.00
       6.000     0.825000      5144102         5.71
       7.000     0.850000      5265597         6.67
       9.000     0.875000      5437065         8.00
      10.000     0.887500      5501351         8.89
      11.000     0.900000      5556354        10.00
      13.000     0.912500      5647152        11.43
      14.000     0.925000      5685321        13.33
      17.000     0.937500      5779920        16.00
      18.000     0.943750      5806187        17.78
      20.000     0.950000      5852548        20.00
      22.000     0.956250      5892004        22.86
      24.000     0.962500      5925353        26.67
      26.000     0.968750      5954385        32.00
      28.000     0.971875      5979265        35.56
      30.000     0.975000      6000852        40.00
      32.000     0.978125      6019229        45.71
      34.000     0.981250      6035436        53.33
      37.000     0.984375      6055611        64.00
      38.000     0.985938      6061514        71.11
      40.000     0.987500      6072035        80.00
      42.000     0.989062      6081189        91.43
      44.000     0.990625      6089368       106.67
      47.000     0.992188      6099481       128.00
      49.000     0.992969      6105233       142.22
      50.000     0.993750      6107890       160.00
      52.000     0.994531      6112581       182.86
      55.000     0.995313      6118634       213.33
      57.000     0.996094      6122012       256.00
      59.000     0.996484      6125015       284.44
      61.000     0.996875      6127565       320.00
      63.000     0.997266      6129857       365.71
      65.000     0.997656      6131912       426.67
      68.000     0.998047      6134406       512.00
      69.000     0.998242      6135116       568.89
      71.000     0.998437      6136441       640.00
      73.000     0.998633      6137632       731.43
      75.000     0.998828      6138652       853.33
      78.000     0.999023      6140011      1024.00
      80.000     0.999121      6140723      1137.78
      81.000     0.999219      6141044      1280.00
      83.000     0.999316      6141691      1462.86
      85.000     0.999414      6142199      1706.67
      88.000     0.999512      6142821      2048.00
      90.000     0.999561      6143200      2275.56
      92.000     0.999609      6143519      2560.00
      94.000     0.999658      6143815      2925.71
      96.000     0.999707      6144062      3413.33
      98.000     0.999756      6144282      4096.00
     100.000     0.999780      6144497      4551.11
     101.000     0.999805      6144582      5120.00
     104.000     0.999829      6144787      5851.43
     106.000     0.999854      6144922      6826.67
     108.000     0.999878      6145044      8192.00
     109.000     0.999890      6145101      9102.22
     111.000     0.999902      6145190     10240.00
     113.000     0.999915      6145277     11702.86
     115.000     0.999927      6145334     13653.33
     117.000     0.999939      6145401     16384.00
     119.000     0.999945      6145451     18204.44
     120.000     0.999951      6145478     20480.00
     122.000     0.999957      6145521     23405.71
     124.000     0.999963      6145556     27306.67
     126.000     0.999969      6145589     32768.00
     128.000     0.999973      6145620     36408.89
     129.000     0.999976      6145635     40960.00
     131.000     0.999979      6145645     46811.43
     133.000     0.999982      6145665     54613.33
     135.000     0.999985      6145683     65536.00
     136.000     0.999986      6145692     72817.78
     138.000     0.999988      6145706     81920.00
     139.000     0.999989      6145710     93622.86
     142.000     0.999991      6145724    109226.67
     145.000     0.999992      6145730    131072.00
     147.000     0.999993      6145733    145635.56
     149.000     0.999994      6145738    163840.00
     150.000     0.999995      6145743    187245.71
     152.000     0.999995      6145748    218453.33
     155.000     0.999996      6145752    262144.00
     160.000     0.999997      6145756    291271.11
     162.000     0.999997      6145757    327680.00
     165.000     0.999997      6145760    374491.43
     166.000     0.999998      6145761    436906.67
     171.000     0.999998      6145764    524288.00
     172.000     0.999998      6145765    582542.22
     174.000     0.999998      6145766    655360.00
     178.000     0.999999      6145767    748982.86
     179.000     0.999999      6145768    873813.33
     180.000     0.999999      6145770   1048576.00
     180.000     0.999999      6145770   1165084.44
     181.000     0.999999      6145772   1310720.00
     181.000     0.999999      6145772   1497965.71
     181.000     0.999999      6145772   1747626.67
     184.000     1.000000      6145773   2097152.00
     184.000     1.000000      6145773   2330168.89
     184.000     1.000000      6145773   2621440.00
     184.000     1.000000      6145773   2995931.43
     190.000     1.000000      6145774   3495253.33
     190.000     1.000000      6145774   4194304.00
     190.000     1.000000      6145774   4660337.78
     190.000     1.000000      6145774   5242880.00
     190.000     1.000000      6145774   5991862.86
     192.000     1.000000      6145775   6990506.67
     192.000     1.000000      6145775          inf
#[Mean    =        4.592, StdDeviation   =        8.318]
#[Max     =      192.000, Total count    =      6145775]
#[Buckets =           22, SubBuckets     =         2048]
reset:: start ...
reset:: A ...
reset:: Q ...
reset:: B ...
reset:: S ...
reset:: instruments ...
reset histogram ...
{
    "abls": [],
    "frame_number": 1280000,
    "injection_name": "Bernoulli",
    "injection_option": 0,
    "loads": [
        0.6
    ],
    "logging_file": "../logging/default_logging.txt",
    "model_name": "",
    "model_option": 2,
    "name": "Simulator",
    "port_number": 8,
    "type": 0
}
{
    "VOQs": [
        [
            0,
            0,
            0,
            0,
            0,
            0,
            0,
            0
        ],
        [
            0,
            0,
            0,
            0,
            0,
            0,
            0,
            0
        ],
        [
            0,
            0,
            0,
            0,
            0,
            0,
            0,
            0
        ],
        [
            0,
            0,
            0,
            0,
            0,
            0,
            0,
            0
        ],
        [
            0,
            0,
            0,
            0,
            0,
            0,
            0,
            0
        ],
        [
            0,
            0,
            0,
            0,
            0,
            0,
            0,
            0
        ],
        [
            0,
            0,
            0,
            0,
            0,
            0,
            0,
            0
        ],
        [
            0,
            0,
            0,
            0,
            0,
            0,
            0,
            0
        ]
    ],
    "arrivals": [
        -1,
        -1,
        -1,
        -1,
        -1,
        -1,
        -1,
        -1
    ],
    "current_time": 1279999,
    "schedule": [
        0,
        1,
        2,
        3,
        4,
        5,
        6,
        7
    ]
}
{
    "arrivals": 0.0,
    "delay_counter": 0.0,
    "departures": 0.0,
    "max_delay": 0,
    "mean_delay": 0.0,
    "sum_delay": 0.0
}
       Value   Percentile   TotalCount 1/(1-Percentile)

       0.000     1.000000            0          inf
#[Mean    =         -nan, StdDeviation   =         -nan]
#[Max     =        0.000, Total count    =            0]
#[Buckets =           22, SubBuckets     =         2048]
#Load Traffic-Mode Throughput  Mean-Delay      Max-Delay   Mean-Delay-HDR  Max-Delay-HDR Delay-STD-HDR  P90-Delay   P95-Delay   P99-Delay   
0.60  2            0.9999      4.2206          134         4.2206          134           9.0829         13          22          45          
0.60  2            1.0000      4.1879          169         4.1879          169           9.0563         13          22          45          
0.60  2            1.0000      4.1782          170         4.1782          170           9.0443         13          22          45          
0.60  2            1.0000      4.1781          170         4.1781          170           9.0639         13          22          45          
0.60  2            1.0000      4.1785          170         4.1785          170           9.0574         13          22          45          
0.60  2            1.0000      4.1797          177         4.1797          177           9.0605         13          22          45          
0.60  2            1.0000      4.1702          177         4.1702          177           9.0386         13          22          45          
0.60  2            1.0000      4.1717          177         4.1717          177           9.0442         13          22          45          
0.60  2            1.0000      4.1787          177         4.1787          177           9.0496         13          22          45          
0.60  2            1.0000      4.1840          177         4.1840          177           9.0529         13          22          45          
0.60  2            1.0000      4.1843          177         4.1843          177           9.0570         13          22          45          
0.60  2            1.0000      4.1793          182         4.1793          182           9.0461         13          22          45          
0.60  2            1.0000      4.1721          182         4.1721          182           9.0316         13          22          44          
0.60  2            1.0000      4.1745          182         4.1745          182           9.0338         13          22          44          
0.60  2            1.0000      4.1741          182         4.1741          182           9.0350         13          22          44          
0.60  2            1.0000      4.1733          182         4.1733          182           9.0358         13          22          44          
0.60  2            1.0000      4.1764          182         4.1764          182           9.0426         13          22          45          
0.60  2            1.0000      4.1784          182         4.1784          182           9.0441         13          22          45          
0.60  2            1.0000      4.1837          206         4.1837          206           9.0548         13          22          45          
0.60  2            1.0000      4.1835          206         4.1835          206           9.0543         13          22          45          
0.60  2            1.0000      4.1822          206         4.1822          206           9.0571         13          22          45          
0.60  2            1.0000      4.1818          206         4.1818          206           9.0545         13          22          45          
0.60  2            1.0000      4.1809          206         4.1809          206           9.0549         13          22          45          
0.60  2            1.0000      4.1799          206         4.1799          206           9.0511         13          22          45          
0.60  2            1.0000      4.1807          206         4.1807          206           9.0536         13          22          45          
0.60  2            1.0000      4.1784          206         4.1784          206           9.0498         13          22          45          
0.60  2            1.0000      4.1792          206         4.1792          206           9.0541         13          22          45          
0.60  2            1.0000      4.1785          206         4.1785          206           9.0521         13          22          45          
0.60  2            1.0000      4.1798          206         4.1798          206           9.0530         13          22          45          
0.60  2            1.0000      4.1798          206         4.1798          206           9.0538         13          22          45          
0.60  2            1.0000      4.1777          206         4.1777          206           9.0489         13          22          45          
0.60  2            1.0000      4.1773          206         4.1773          206           9.0482         13          22          45          
       Value   Percentile   TotalCount 1/(1-Percentile)

       1.000     0.000000      2977741         1.00
       1.000     0.100000      2977741         1.11
       1.000     0.200000      2977741         1.25
       1.000     0.300000      2977741         1.43
       1.000     0.400000      2977741         1.67
       2.000     0.500000      3823497         2.00
       2.000     0.550000      3823497         2.22
       2.000     0.600000      3823497         2.50
       3.000     0.650000      4279888         2.86
       4.000     0.700000      4577957         3.33
       5.000     0.750000      4786053         4.00
       5.000     0.775000      4786053         4.44
       6.000     0.800000      4940598         5.00
       8.000     0.825000      5161576         5.71
       9.000     0.850000      5246717         6.67
      11.000     0.875000      5387606         8.00
      13.000     0.887500      5501401         8.89
      14.000     0.900000      5550142        10.00
      16.000     0.912500      5636464        11.43
      18.000     0.925000      5709281        13.33
      20.000     0.937500      5770870        16.00
      22.000     0.943750      5822870        17.78
      23.000     0.950000      5846006        20.00
      25.000     0.956250      5886898        22.86
      27.000     0.962500      5921945        26.67
      30.000     0.968750      5965248        32.00
      31.000     0.971875      5977888        35.56
      33.000     0.975000      5999927        40.00
      34.000     0.978125      6010034        45.71
      37.000     0.981250      6036127        53.33
      39.000     0.984375      6050321        64.00
      41.000     0.985938      6062494        71.11
      42.000     0.987500      6068077        80.00
      44.000     0.989062      6078048        91.43
      46.000     0.990625      6086811       106.67
      49.000     0.992188      6097592       128.00
      51.000     0.992969      6103748       142.22
      52.000     0.993750      6106409       160.00
      54.000     0.994531      6111315       182.86
      56.000     0.995313      6115680       213.33
      59.000     0.996094      6121123       256.00
      60.000     0.996484      6122673       284.44
      62.000     0.996875      6125603       320.00
      64.000     0.997266      6128032       365.71
      66.000     0.997656      6130173       426.67
      69.000     0.998047      6132933       512.00
      70.000     0.998242      6133684       568.89
      72.000     0.998437      6135064       640.00
      74.000     0.998633      6136208       731.43
      76.000     0.998828      6137269       853.33
      79.000     0.999023      6138559      1024.00
      80.000     0.999121      6138931      1137.78
      82.000     0.999219      6139613      1280.00
      84.000     0.999316      6140225      1462.86
      86.000     0.999414      6140721      1706.67
      89.000     0.999512      6141403      2048.00
      90.000     0.999561      6141626      2275.56
      92.000     0.999609      6141974      2560.00
      93.000     0.999658      6142139      2925.71
      96.000     0.999707      6142551      3413.33
      98.000     0.999756      6142782      4096.00
      99.000     0.999780      6142879      4551.11
     101.000     0.999805      6143073      5120.00
     102.000     0.999829      6143174      5851.43
     105.000     0.999854      6143383      6826.67
     107.000     0.999878      6143493      8192.00
     108.000     0.999890      6143549      9102.22
     110.000     0.999902      6143646     10240.00
     112.000     0.999915      6143704     11702.86
     114.000     0.999927      6143772     13653.33
     117.000     0.999939      6143871     16384.00
     118.000     0.999945      6143890     18204.44
     120.000     0.999951      6143931     20480.00
     122.000     0.999957      6143969     23405.71
     124.000     0.999963      6144006     27306.67
     126.000     0.999969      6144043     32768.00
     127.000     0.999973      6144056     36408.89
     129.000     0.999976      6144076     40960.00
     131.000     0.999979      6144100     46811.43
     132.000     0.999982      6144115     54613.33
     135.000     0.999985      6144134     65536.00
     136.000     0.999986      6144138     72817.78
     138.000     0.999988      6144152     81920.00
     139.000     0.999989      6144159     93622.86
     141.000     0.999991      6144169    109226.67
     143.000     0.999992      6144178    131072.00
     144.000     0.999993      6144180    145635.56
     147.000     0.999994      6144187    163840.00
     149.000     0.999995      6144192    187245.71
     151.000     0.999995      6144195    218453.33
     154.000     0.999996      6144201    262144.00
     154.000     0.999997      6144201    291271.11
     156.000     0.999997      6144204    327680.00
     157.000     0.999997      6144206    374491.43
     159.000     0.999998      6144208    436906.67
     164.000     0.999998      6144211    524288.00
     169.000     0.999998      6144212    582542.22
     170.000     0.999998      6144213    655360.00
     171.000     0.999999      6144214    748982.86
     173.000     0.999999      6144215    873813.33
     178.000     0.999999      6144217   1048576.00
     178.000     0.999999      6144217   1165084.44
     179.000     0.999999      6144219   1310720.00
     179.000     0.999999      6144219   1497965.71
     179.000     0.999999      6144219   1747626.67
     182.000     1.000000      6144220   2097152.00
     182.000     1.000000      6144220   2330168.89
     182.000     1.000000      6144220   2621440.00
     182.000     1.000000      6144220   2995931.43
     183.000     1.000000      6144221   3495253.33
     183.000     1.000000      6144221   4194304.00
     183.000     1.000000      6144221   4660337.78
     183.000     1.000000      6144221   5242880.00
     183.000     1.000000      6144221   5991862.86
     207.000     1.000000      6144222   6990506.67
     207.000     1.000000      6144222          inf
#[Mean    =        5.177, StdDeviation   =        9.048]
#[Max     =      207.000, Total count    =      6144222]
#[Buckets =           22, SubBuckets     =         2048]
reset:: start ...
reset:: A ...
reset:: Q ...
reset:: B ...
reset:: S ...
reset:: instruments ...
reset histogram ...
{
    "abls": [],
    "frame_number": 1280000,
    "injection_name": "Bernoulli",
    "injection_option": 0,
    "loads": [
        0.6
    ],
    "logging_file": "../logging/default_logging.txt",
    "model_name": "",
    "model_option": 3,
    "name": "Simulator",
    "port_number": 8,
    "type": 0
}
{
    "VOQs": [
        [
            0,
            0,
            0,
            0,
            0,
            0,
            0,
            0
        ],
        [
            0,
            0,
            0,
            0,
            0,
            0,
            0,
            0
        ],
        [
            0,
            0,
            0,
            0,
            0,
            0,
            0,
            0
        ],
        [
            0,
            0,
            0,
            0,
            0,
            0,
            0,
            0
        ],
        [
            0,
            0,
            0,
            0,
            0,
            0,
            0,
            0
        ],
        [
            0,
            0,
            0,
            0,
            0,
            0,
            0,
            0
        ],
        [
            0,
            0,
            0,
            0,
            0,
            0,
            0,
            0
        ],
        [
            0,
            0,
            0,
            0,
            0,
            0,
            0,
            0
        ]
    ],
    "arrivals": [
        -1,
        -1,
        -1,
        -1,
        -1,
        -1,
        -1,
        -1
    ],
    "current_time": 1279999,
    "schedule": [
        0,
        1,
        2,
        3,
        4,
        5,
        6,
        7
    ]
}
{
    "arrivals": 0.0,
    "delay_counter": 0.0,
    "departures": 0.0,
    "max_delay": 0,
    "mean_delay": 0.0,
    "sum_delay": 0.0
}
       Value   Percentile   TotalCount 1/(1-Percentile)

       0.000     1.000000            0          inf
#[Mean    =         -nan, StdDeviation   =         -nan]
#[Max     =        0.000, Total count    =            0]
#[Buckets =           22, SubBuckets     =         2048]
#Load Traffic-Mode Throughput  Mean-Delay      Max-Delay   Mean-Delay-HDR  Max-Delay-HDR Delay-STD-HDR  P90-Delay   P95-Delay   P99-Delay   
0.60  3            1.0000      0.9636          72          0.9636          72            2.8544         2           5           15          
0.60  3            1.0000      0.9614          72          0.9614          72            2.8527         2           5           15          
0.60  3            1.0000      0.9660          72          0.9660          72            2.8589         2           5           15          
0.60  3            1.0000      0.9672          72          0.9672          72            2.8578         2           5           15          
0.60  3            1.0000      0.9704          72          0.9704          72            2.8603         2           5           15          
0.60  3            1.0000      0.9703          72          0.9703          72            2.8519         2           5           15          
0.60  3            1.0000      0.9746          72          0.9746          72            2.8611         2           5           15          
0.60  3            1.0000      0.9724          72          0.9724          72            2.8544         2           5           15          
0.60  3            1.0000      0.9723          72          0.9723          72            2.8539         2           5           15          
0.60  3            1.0000      0.9718          72          0.9718          72            2.8516         2           5           15          
0.60  3            1.0000      0.9708          72          0.9708          72            2.8508         2           5           15          
0.60  3            1.0000      0.9714          72          0.9714          72            2.8499         2           5           15          
0.60  3            1.0000      0.9714          72          0.9714          72            2.8507         2           5           15          
0.60  3            1.0000      0.9708          72          0.9708          72            2.8524         2           5           15          
0.60  3            1.0000      0.9718          72          0.9718          72            2.8520         2           5           15          
0.60  3            1.0000      0.9711          72          0.9711          72            2.8504         2           5           15          
0.60  3            1.0000      0.9716          72          0.9716          72            2.8513         2           5           15          
0.60  3            1.0000      0.9707          83          0.9707          83            2.8493         2           5           15          
0.60  3            1.0000      0.9715          83          0.9715          83            2.8488         2           5           15          
0.60  3            1.0000      0.9717          83          0.9717          83            2.8473         2           5           15          
0.60  3            1.0000      0.9709          83          0.9709          83            2.8457         2           5           15          
0.60  3            1.0000      0.9706          83          0.9706          83            2.8444         2           5           15          
0.60  3            1.0000      0.9711          83          0.9711          83            2.8456         2           5           15          
0.60  3            1.0000      0.9713          83          0.9713          83            2.8471         2           5           15          
0.60  3            1.0000      0.9714          83          0.9714          83            2.8469         2           5           15          
0.60  3            1.0000      0.9707          83          0.9707          83            2.8440         2           5           15          
0.60  3            1.0000      0.9714          83          0.9714          83            2.8464         2           5           15          
0.60  3            1.0000      0.9722          83          0.9722          83            2.8492         2           5           15          
0.60  3            1.0000      0.9722          83          0.9722          83            2.8499         2           5           15          
0.60  3            1.0000      0.9719          83          0.9719          83            2.8484         2           5           15          
0.60  3            1.0000      0.9721          83          0.9721          83            2.8492         2           5           15          
0.60  3            1.0000      0.9725          83          0.9725          83            2.8504         2           5           15          
       Value   Percentile   TotalCount 1/(1-Percentile)

       1.000     0.000000      4179238         1.00
       1.000     0.100000      4179238         1.11
       1.000     0.200000      4179238         1.25
       1.000     0.300000      4179238         1.43
       1.000     0.400000      4179238         1.67
       1.000     0.500000      4179238         2.00
       1.000     0.550000      4179238         2.22
       1.000     0.600000      4179238         2.50
       1.000     0.650000      4179238         2.86
       2.000     0.700000      5240741         3.33
       2.000     0.750000      5240741         4.00
       2.000     0.775000      5240741         4.44
       2.000     0.800000      5240741         5.00
       2.000     0.825000      5240741         5.71
       2.000     0.850000      5240741         6.67
       3.000     0.875000      5596573         8.00
       3.000     0.887500      5596573         8.89
       3.000     0.900000      5596573        10.00
       4.000     0.912500      5742504        11.43
       4.000     0.925000      5742504        13.33
       5.000     0.937500      5820502        16.00
       5.000     0.943750      5820502        17.78
       6.000     0.950000      5873353        20.00
       6.000     0.956250      5873353        22.86
       7.000     0.962500      5914159        26.67
       9.000     0.968750      5976131        32.00
       9.000     0.971875      5976131        35.56
      10.000     0.975000      6000393        40.00
      11.000     0.978125      6021004        45.71
      12.000     0.981250      6038285        53.33
      13.000     0.984375      6053043        64.00
      14.000     0.985938      6065527        71.11
      14.000     0.987500      6065527        80.00
      15.000     0.989062      6076458        91.43
      16.000     0.990625      6085599       106.67
      17.000     0.992188      6093415       128.00
      18.000     0.992969      6100019       142.22
      19.000     0.993750      6105863       160.00
      20.000     0.994531      6110788       182.86
      21.000     0.995313      6115088       213.33
      22.000     0.996094      6118699       256.00
      23.000     0.996484      6121908       284.44
      24.000     0.996875      6124601       320.00
      24.000     0.997266      6124601       365.71
      25.000     0.997656      6126896       426.67
      27.000     0.998047      6130610       512.00
      27.000     0.998242      6130610       568.89
      28.000     0.998437      6132077       640.00
      29.000     0.998633      6133357       731.43
      30.000     0.998828      6134423       853.33
      31.000     0.999023      6135399      1024.00
      32.000     0.999121      6136208      1137.78
      33.000     0.999219      6136869      1280.00
      34.000     0.999316      6137442      1462.86
      35.000     0.999414      6137966      1706.67
      36.000     0.999512      6138412      2048.00
      37.000     0.999561      6138789      2275.56
      38.000     0.999609      6139164      2560.00
      38.000     0.999658      6139164      2925.71
      40.000     0.999707      6139651      3413.33
      41.000     0.999756      6139861      4096.00
      42.000     0.999780      6140073      4551.11
      42.000     0.999805      6140073      5120.00
      43.000     0.999829      6140243      5851.43
      44.000     0.999854      6140378      6826.67
      46.000     0.999878      6140600      8192.00
      46.000     0.999890      6140600      9102.22
      47.000     0.999902      6140690     10240.00
      48.000     0.999915      6140765     11702.86
      49.000     0.999927      6140830     13653.33
      50.000     0.999939      6140885     16384.00
      51.000     0.999945      6140932     18204.44
      52.000     0.999951      6140978     20480.00
      53.000     0.999957      6141011     23405.71
      54.000     0.999963      6141047     27306.67
      55.000     0.999969      6141075     32768.00
      56.000     0.999973      6141103     36408.89
      56.000     0.999976      6141103     40960.00
      57.000     0.999979      6141128     46811.43
      58.000     0.999982      6141155     54613.33
      59.000     0.999985      6141176     65536.00
      59.000     0.999986      6141176     72817.78
      59.000     0.999988      6141176     81920.00
      60.000     0.999989      6141186     93622.86
      62.000     0.999991      6141201    109226.67
      63.000     0.999992      6141210    131072.00
      63.000     0.999993      6141210    145635.56
      64.000     0.999994      6141218    163840.00
      64.000     0.999995      6141218    187245.71
      65.000     0.999995      6141225    218453.33
      66.000     0.999996      6141229    262144.00
      66.000     0.999997      6141229    291271.11
      67.000     0.999997      6141234    327680.00
      67.000     0.999997      6141234    374491.43
      69.000     0.999998      6141236    436906.67
      71.000     0.999998      6141241    524288.00
      71.000     0.999998      6141241    582542.22
      71.000     0.999998      6141241    655360.00
      72.000     0.999999      6141242    748982.86
      73.000     0.999999      6141245    873813.33
      73.000     0.999999      6141245   1048576.00
      73.000     0.999999      6141245   1165084.44
      74.000     0.999999      6141247   1310720.00
      74.000     0.999999      6141247   1497965.71
      74.000     0.999999      6141247   1747626.67
      75.000     1.000000      6141248   2097152.00
      75.000     1.000000      6141248   2330168.89
      75.000     1.000000      6141248   2621440.00
      75.000     1.000000      6141248   2995931.43
      78.000     1.000000      6141249   3495253.33
      78.000     1.000000      6141249   4194304.00
      78.000     1.000000      6141249   4660337.78
      78.000     1.000000      6141249   5242880.00
      78.000     1.000000      6141249   5991862.86
      84.000     1.000000      6141250   6990506.67
      84.000     1.000000      6141250          inf
#[Mean    =        1.972, StdDeviation   =        2.850]
#[Max     =       84.000, Total count    =      6141250]
#[Buckets =           22, SubBuckets     =         2048]
reset:: start ...
reset:: A ...
reset:: Q ...
reset:: B ...
reset:: S ...
reset:: instruments ...
reset histogram ...
